-88.2064 -37.5885
-90.8899 -0.911979
-89.533 26.0003
-83.9323 56.0814
-72.932 81.3065
-56.4642 100.921
-33.35 118.37
0.2784 126.401
42.406 120.193
72.441 102.526
89.21 79.6456
99.7411 58.0673
105.81 28.3767
109.36 -1.78785
108.938 -34.5567
93.2916 -52.502
72.4965 -72.168
44.1677 -73.8732
27.7583 -62.6841
49.4077 -60.9412
70.8727 -58.7877
-77.9224 -52.635
-59.0952 -71.6693
-30.5109 -72.7239
-16.1591 -60.4508
-37.9783 -60.8645
-58.0818 -58.5857
-58.1579 -32.4285
-38.8998 -38.0334
-19.3626 -34.7871
-39.6125 -29.2493
-39.1887 -33.4501
69.7496 -32.1376
50.8242 -39.9396
31.0265 -35.479
49.755 -29.9347
50.4129 -34.9287
-9.1673 -37.945
-16.354 -13.6277
-28.9005 6.68891
-24.1237 20.8209
0.132461 24.1701
24.7647 21.7317
32.2533 8.84568
21.9497 -12.4305
17.3293 -37.4484
-14.9061 13.763
16.6206 14.8249
-42.9806 54.3662
-23.722 47.508
-10.3015 43.6738
0.879815 45.8867
12.8605 44.5297
28.8039 48.0569
45.4765 55.0427
29.6203 61.8133
16.4496 64.3977
0.815473 64.9416
-13.7435 64.653
-27.4072 61.7721
-17.2383 55.2273
2.21874 56.2803
20.6637 55.5369
22.0595 53.7916
2.48686 53.2182
-15.917 53.1593
1.60159 55.3448
0 0
