-91.4941 -43.4062
-93.9532 -7.36855
-92.8273 20.1063
-87.0042 50.8623
-75.3525 76.4546
-57.3741 96.8073
-31.4926 113.986
3.60012 121.922
41.0794 115.214
70.19 98.8171
89.6533 75.3042
99.2864 50.9266
104.495 20.9675
106.63 -8.24209
105.936 -39.3607
89.437 -59.6001
69.8818 -77.4743
45.016 -78.7291
31.4854 -66.7965
50.8153 -66.5109
69.029 -64.48
-75.2079 -60.8251
-58.3893 -77.5387
-34.0878 -78.6608
-16.8896 -65.997
-37.1879 -66.3264
-56.079 -65.0571
-61.7875 -37.4206
-41.2463 -43.9082
-20.2606 -39.166
-41.4721 -33.9322
-40.9255 -38.512
74.4982 -37.0339
53.2502 -44.7802
31.7766 -39.1722
52.7102 -33.7933
52.93 -39.0839
-8.03951 -41.73
-14.2777 -17.4571
-29.0461 5.59125
-23.1338 18.2293
1.83867 22.1184
27.4592 18.9668
33.8244 7.55193
21.588 -15.8317
18.3759 -41.1539
-14.0164 12.3729
18.1799 13.5854
-42.4444 51.0145
-22.7287 44.9955
-8.06782 41.2522
3.55901 43.2585
14.926 42.0114
30.6148 44.98
49.8916 50.3214
32.5474 58.318
18.5961 60.5154
2.50101 60.7794
-12.8418 60.547
-26.5053 57.7357
-16.9879 52.0347
3.48827 53.4152
22.6489 52.7276
23.5817 51.0349
3.86161 50.9064
-15.0702 50.4019
3.30983 52.5659
0 0
