-87.7701 -31.3312
-89.5401 5.04825
-84.1428 33.0426
-75.7905 61.4434
-66.5266 82.62
-51.7838 102.767
-30.5651 120.742
6.6491 128.117
45.746 121.186
72.2432 104.445
91.5575 80.4599
102.452 55.5398
108.015 25.5333
111.483 -4.81009
111.274 -34.3225
95.6185 -50.1109
72.888 -71.7198
44.7302 -72.4371
28.4497 -59.8472
49.8902 -61.1842
70.6005 -59.2383
-78.8562 -51.152
-61.8682 -69.564
-35.6966 -70.6778
-19.4997 -57.9292
-42.4032 -60.1377
-61.3142 -58.155
-57.4489 -30.2575
-37.9518 -37.0429
-19.6304 -32.816
-38.5434 -28.3016
-37.6013 -32.1104
69.9937 -31.9287
52.9099 -38.923
32.8728 -34.8414
51.3842 -29.7443
52.2248 -34.1987
-8.53697 -36.2112
-14.0388 -11.8463
-24.7399 11.9413
-17.5019 22.1757
3.66496 23.3821
27.2761 21.4267
33.6147 10.5559
23.187 -10.4015
18.9836 -36.4434
-9.77509 15.4881
17.735 15.0249
-35.5657 59.7749
-21.3697 50.2676
-9.49541 45.9751
1.07607 47.9154
12.255 46.25
26.9842 49.8971
43.8125 59.0387
30.8029 64.4809
19.5993 68.4284
3.598 70.3984
-10.4326 69.0629
-22.4351 65.2965
-14.2157 58.8793
3.54381 59.6685
19.0733 59.2496
18.649 55.7998
2.41847 55.8532
-14.9318 56.0007
3.02609 58.0449
0 0
