-93.8082 -34.6559
-94.3116 -0.67285
-89.9157 26.7894
-81.1943 56.5495
-69.3013 81.5199
-53.7322 102.928
-26.6686 120.149
11.8432 125.522
46.3626 118.68
73.5256 100.877
90.5707 78.0108
101.503 50.7244
105.558 20.7964
106.738 -9.10819
103.028 -40.8701
84.4287 -54.992
61.2859 -74.0593
34.7139 -75.4721
20.8558 -64.2628
40.233 -63.3579
60.5885 -61.7272
-81.5302 -53.364
-65.4653 -71.3456
-38.1318 -73.6142
-21.8778 -62.8618
-43.182 -62.49
-62.9432 -59.2292
-64.381 -33.1103
-47.5509 -40.7571
-27.5689 -36.483
-46.9939 -31.2978
-46.5928 -35.6307
63.6338 -35.6224
45.6893 -43.2637
24.6559 -38.0821
44.7751 -32.8414
45.0082 -37.9908
-13.0541 -39.1278
-17.4556 -14.5395
-28.1859 7.96758
-21.4418 20.6488
2.52716 22.1997
27.2233 19.0727
32.0018 6.20563
19.6885 -14.5686
13.6853 -39.8237
-12.5214 13.6593
18.4799 12.4823
-38.8038 53.5077
-21.2891 46.1821
-7.96767 43.3753
2.48917 44.807
12.4167 43.5724
27.5119 45.9831
43.5219 51.978
29.7518 59.488
16.6758 62.3952
1.2618 63.9676
-12.0803 62.7781
-23.0726 59.9661
-15.0197 54.7615
2.43091 55.6686
20.8475 55.1146
21.0013 51.3554
1.56102 51.624
-15.6038 51.9832
1.87795 53.6464
0 0
