-91.6363 -40.1927
-95.9782 -4.22262
-93.3987 23.8206
-86.6796 53.8463
-75.2716 77.2432
-57.9084 98.259
-31.2821 115.677
5.88061 122.155
43.7372 114.262
72.5061 95.8129
88.0408 76.5149
100.467 49.6254
103.463 19.8116
104.464 -8.95557
100.872 -39.0052
87.0531 -58.3689
65.3435 -77.6015
38.8251 -77.984
25.9892 -65.6056
45.8903 -66.7882
64.7994 -65.4599
-77.5309 -56.6873
-61.9653 -75.604
-35.2238 -77.7521
-19.6172 -64.5319
-41.9629 -66.679
-60.8738 -64.2659
-60.1418 -35.4599
-40.4404 -43.0342
-19.9167 -38.3562
-40.4932 -33.694
-39.7393 -37.7258
70.1869 -36.8225
51.1589 -44.4298
29.4576 -38.8539
50.7309 -34.1748
50.6733 -38.8933
-8.43314 -40.9513
-13.4438 -18.0977
-26.0305 6.54855
-19.9534 15.1875
3.3377 18.3155
28.9813 14.7117
32.0256 5.85284
20.5299 -16.4946
16.3489 -40.8959
-11.1943 10.9185
17.9318 10.9887
-43.7704 51.5209
-21.3991 44.7879
-7.77529 40.9339
4.31526 42.7714
16.5992 41.2069
32.8068 43.5047
52.3256 48.0033
35.1206 57.3905
21.7016 60.2393
4.36742 61.4333
-11.0768 60.9531
-25.296 58.1249
-15.7803 52.633
4.5749 53.3342
23.2205 52.3909
24.017 50.2341
4.07104 50.5516
-14.439 50.8497
4.00724 52.0354
0 0
