-91.5413 -38.1557
-95.524 -1.54949
-94.0084 26.0619
-87.3905 56.4045
-75.6318 81.3275
-57.475 101.54
-30.7739 118.024
4.62716 123.602
42.0926 117.627
72.0436 99.3943
89.6908 76.8656
99.3411 52.1996
103.103 21.3492
104.619 -9.3311
101.057 -39.1754
85.4009 -54.9305
65.2516 -75.2529
38.7649 -77.2266
26.0996 -65.8664
44.8423 -64.4896
63.8538 -62.099
-77.3294 -52.3347
-60.7352 -73.3797
-33.783 -76.8051
-18.4505 -64.5158
-40.1148 -64.7411
-58.7314 -60.7002
-58.3608 -34.1782
-39.1689 -40.576
-19.7508 -37.507
-39.1623 -32.3492
-38.5224 -36.005
67.6155 -34.6949
50.2256 -42.5312
29.2575 -37.9612
49.1471 -32.8193
49.4354 -37.4031
-10.681 -40.292
-15.9903 -15.9612
-28.527 8.47558
-23.2745 16.8774
1.25279 20.2383
26.8692 16.0612
31.1355 8.18841
20.6283 -14.9356
16.5015 -40.2924
-13.5868 10.843
16.3707 11.4003
-43.8881 54.1473
-23.0982 46.4769
-9.12819 42.3171
1.92001 44.2465
12.7292 42.8604
28.5146 45.7464
46.5677 53.0906
31.3728 59.1089
18.4778 61.341
2.42094 62.0113
-13.3555 61.6609
-27.6685 59.4035
-16.6626 53.691
2.83148 54.6152
20.4258 53.8029
21.1259 52.0257
2.49078 51.8016
-16.1674 52.197
2.22639 53.4087
0 0
