-89.5651 -39.2975
-93.1603 -2.60746
-90.3235 25.1666
-83.5556 54.8697
-72.3145 78.1886
-55.6921 98.6313
-30.6855 117.175
6.16344 124.176
43.7521 117.163
72.6124 98.9422
88.5475 78.9217
100.826 52.5143
105.077 22.4195
106.934 -6.94825
104.604 -37.3573
89.8299 -55.3066
68.414 -74.7152
41.9761 -76.2042
28.9032 -64.5682
48.4672 -64.4653
67.624 -62.6688
-75.2039 -54.2864
-59.4295 -73.1401
-32.6766 -75.6297
-16.6086 -63.3006
-38.7727 -64.4066
-57.9122 -61.6254
-57.957 -34.3597
-38.0186 -40.8665
-18.0334 -37.1439
-38.165 -32.591
-37.4647 -35.9565
69.6301 -34.7343
50.9912 -42.5022
29.7308 -37.6998
50.2433 -32.9009
50.6445 -37.4253
-7.8671 -40.2022
-13.682 -16.2941
-25.7339 7.70981
-19.0677 17.1729
2.95614 20.0023
27.5509 16.8642
32.4636 7.65608
21.9009 -14.7172
17.8995 -39.992
-11.0722 11.5713
18.0828 11.9793
-42.3085 52.6215
-21.5352 45.9051
-7.34704 42.201
4.11007 44.1012
15.3511 42.7325
31.5623 45.334
49.7778 50.6871
33.8763 60.0652
20.5187 63.3941
3.63821 64.6092
-12.1393 63.4174
-25.7039 59.8095
-16.8652 53.9386
4.44299 55.0018
22.9105 54.3523
23.8073 52.1369
4.01064 52.2267
-15.8286 52.3792
3.94283 53.7502
0 0
