-89.4637 -37.5488
-92.1975 -1.95316
-88.434 25.8503
-80.6493 56.125
-68.3789 79.7409
-52.3639 99.1318
-27.4705 117.445
8.15963 123.115
44.653 115.796
73.4008 96.8098
89.4431 76.863
101.031 51.3533
106.693 18.7986
108.616 -11.7051
107.64 -42.0904
90.6594 -54.3256
67.729 -75.983
40.6889 -77.0572
25.7591 -64.7135
46.7305 -65.1863
66.3488 -63.3566
-76.0907 -55.5875
-60.8892 -74.3834
-34.1995 -76.1263
-17.9891 -63.851
-39.4639 -64.9903
-57.9602 -62.6416
-56.8898 -34.43
-37.7682 -41.3786
-16.9941 -37.1329
-37.777 -31.7347
-37.2428 -36.1172
69.9119 -36.0564
49.1626 -43.3301
26.3379 -38.2166
48.1778 -32.563
48.2764 -37.6433
-9.00846 -40.5777
-14.1349 -15.7223
-25.7465 8.51594
-19.3224 17.7354
3.10369 20.3132
27.5913 16.1416
31.9735 7.22506
21.0292 -14.9212
17.3003 -40.8866
-11.6609 11.7149
17.2112 11.6875
-38.7139 54.6969
-22.0765 45.723
-8.70698 42.2263
0.874996 44.2373
10.8358 42.209
25.7706 44.3295
44.0606 51.1365
30.6175 58.3616
18.0562 61.7564
2.16931 63.8824
-12.8869 63.0493
-25.5287 60.0287
-16.0621 54.5133
2.51132 55.1888
19.7699 54.1672
19.3946 50.5222
0.962674 51.3895
-17.6522 52.0663
2.11401 53.4643
0 0
