-95.4081 -37.2067
-97.6367 -1.31378
-92.8014 26.9507
-83.9417 56.9392
-71.4218 79.1845
-54.9254 99.4173
-27.5239 117.094
11.3274 122.415
46.3146 113.568
73.0576 93.926
87.7356 73.9537
98.8998 46.9605
102.024 16.5192
103.079 -12.8071
100.48 -42.3618
86.6534 -57.1865
63.5311 -77.8072
36.25 -77.6633
23.4098 -64.6683
43.5066 -66.7841
62.6635 -65.5687
-80.6272 -54.842
-65.035 -73.986
-38.0606 -76.134
-21.7901 -63.2419
-44.111 -65.0623
-62.9198 -62.5589
-60.9485 -34.4158
-41.3883 -42.0138
-20.7502 -37.5459
-41.4025 -32.2054
-40.9266 -36.5969
65.3162 -37.6107
45.9781 -44.7847
24.9118 -39.1279
45.7672 -34.1613
45.742 -39.2798
-10.0441 -40.405
-13.9938 -16.6612
-25.4782 7.78345
-18.7802 16.197
4.20339 18.7661
28.246 14.1236
30.7973 5.09146
19.5369 -15.7554
14.9456 -41.0566
-10.4788 11.2755
17.6077 10.6797
-40.2501 52.6866
-21.2773 44.5962
-8.06092 40.8108
3.1098 42.4443
13.8678 40.8264
28.8703 42.9879
47.8934 48.6768
32.6385 57.5595
19.8171 60.8878
3.92226 62.9021
-10.4202 62.1015
-23.386 58.9943
-14.9274 53.2566
3.78608 53.5787
20.9553 52.7621
21.2289 49.4134
2.96331 50.2376
-14.8516 50.8111
3.46987 51.9693
0 0
