-89.9575 -40.0757
-93.5919 -2.4762
-92.532 25.3703
-87.1018 55.1039
-75.965 79.496
-58.9893 98.9208
-34.7334 117.059
1.10185 125.49
41.0175 119.151
70.763 102.441
88.5777 80.7635
99.231 57.1843
104.679 27.7467
107.2 -1.79938
106.732 -33.8314
91.8114 -53.8007
71.8929 -72.4475
46.2454 -74.4347
31.8614 -62.7807
51.933 -62.2715
70.8371 -60.0371
-74.7332 -56.0916
-57.9514 -73.3591
-33.0564 -74.8152
-15.6347 -62.1394
-37.291 -63.0166
-56.1826 -61.4348
-60.162 -33.5042
-39.6055 -40.1141
-18.7449 -35.5377
-40.0478 -30.6131
-39.098 -34.8277
75.4154 -31.7044
54.4455 -40.2769
32.2735 -35.2059
53.3726 -29.634
53.813 -34.6869
-7.45176 -38.4125
-14.2149 -14.1227
-27.986 8.53723
-20.973 19.7482
1.57141 22.7103
25.866 20.5329
33.5904 10.7444
22.2861 -12.1263
19.142 -37.5892
-12.9463 13.2253
17.1879 14.6173
-43.1015 54.3964
-23.0435 47.1927
-8.72348 43.1881
2.77884 45.2582
14.7744 44.0552
30.4752 47.2931
49.0278 53.557
32.1866 62.5932
18.5488 65.3982
2.06118 65.801
-13.9586 65.0788
-28.056 61.6542
-18.091 56.4446
3.18718 57.9483
21.95 57.0524
22.6557 53.241
3.19181 52.9025
-16.3404 52.6986
2.9386 55.5925
0 0
