-100.952 -34.303
-100.925 -1.0991
-95.9886 27.8205
-87.1701 56.867
-75.5535 79.8608
-58.2662 101.739
-30.655 117.156
2.07121 120.544
32.3812 115.407
61.4361 98.0767
77.5726 76.392
91.0957 50.6756
96.547 20.5818
99.5686 -7.49528
96.3905 -38.8342
84.6711 -58.5056
62.9704 -80.0299
34.1145 -80.3618
19.1734 -65.2902
40.6517 -68.44
60.6959 -67.6172
-86.6583 -55.8673
-68.6549 -78.7049
-37.9858 -79.2286
-21.6697 -64.7327
-46.3463 -67.5209
-66.7798 -65.4751
-67.2015 -34.8806
-49.2454 -44.5434
-29.1829 -36.8962
-49.243 -31.6274
-48.7829 -37.788
66.5228 -38.2509
48.6794 -46.2818
28.8816 -37.9864
48.6658 -33.8541
48.7431 -39.7218
-12.9335 -38.0225
-15.9147 -16.6624
-27.6634 8.97103
-21.3032 20.9867
2.43267 23.5924
27.6646 21.0335
32.3936 7.37762
18.6574 -16.2635
13.9482 -38.4501
-11.1419 15.614
17.4634 14.9544
-40.5627 56.8239
-22.2302 48.5122
-8.45995 44.6671
2.77092 46.755
14.1984 44.7667
29.0101 47.0965
43.6847 53.8731
30.0607 61.38
16.8098 63.1336
0.623117 64.8815
-13.4754 63.8956
-25.9592 61.7283
-16.8639 56.1737
0.580153 57.1637
18.6551 56.3152
19.1463 52.6696
0.624513 52.9993
-15.7679 53.3371
0.524902 54.8357
0 0
