-107.348 -31.0764
-107.613 -0.741694
-105.524 26.4587
-99.3109 55.5184
-88.6302 83.2017
-67.4839 107.094
-36.4993 119.889
-2.31391 122.629
28.8918 117.981
57.8484 101.22
75.9198 77.8886
85.64 51.5911
89.2393 24.1184
92.5324 -5.07019
90.3327 -36.0693
77.9792 -55.6454
58.8799 -77.3749
31.4229 -78.3162
14.8954 -64.4099
35.0884 -65.7129
56.3121 -64.4481
-92.8796 -56.9699
-73.9429 -77.3342
-43.628 -77.8676
-28.4451 -63.6765
-50.4261 -65.6479
-71.671 -64.296
-75.101 -34.6219
-56.0236 -43.7579
-35.7035 -36.3692
-55.3811 -29.9152
-55.6711 -36.6583
57.528 -37.4878
40.4553 -44.6398
22.4186 -37.5169
40.0746 -31.8127
40.0992 -37.8924
-18.9261 -36.0895
-22.1746 -14.1254
-36.2131 10.6218
-32.1227 20.6169
-2.56986 22.7293
22.4564 20.277
27.4077 8.54275
14.1531 -14.6122
8.29707 -36.4981
-18.9367 13.8634
13.6029 13.2049
-50.3637 54.9067
-29.7088 44.5604
-14.7324 39.1821
-3.85742 41.304
7.32853 39.4962
22.0891 43.5804
39.234 53.3157
23.573 61.8268
10.7658 65.1664
-4.06526 67.2392
-18.1318 66.7227
-32.2046 63.032
-20.7906 56.1977
-4.88197 57.8196
12.2198 56.0834
12.1813 48.828
-4.63002 48.2809
-19.2572 48.7452
-5.14403 53.4431
0 0
