-107.867 -31.4646
-106.099 -0.718598
-102.706 26.5675
-94.8194 53.9247
-84.3586 79.1588
-65.8352 101.917
-38.9627 116.131
-4.22958 121.19
29.6135 115.249
57.7602 97.5542
77.0059 72.9243
85.3343 49.9272
89.3948 21.7365
92.8638 -7.39885
90.9936 -36.2286
78.5308 -56.4226
58.7222 -78.4583
30.1794 -79.3245
14.519 -64.9579
34.4272 -66.4392
56.1825 -64.9359
-95.3687 -56.0995
-76.2726 -77.6193
-45.1467 -78.8793
-28.1838 -63.8564
-52.445 -66.2198
-72.9953 -64.3468
-77.1507 -34.7157
-56.418 -44.4204
-34.3941 -36.5123
-55.8328 -30.429
-56.0029 -37.3644
64.9561 -37.6673
45.5823 -45.5835
24.2014 -37.7497
44.9199 -32.3982
44.7349 -38.5264
-17.7379 -36.9712
-21.3593 -12.9163
-35.499 11.4985
-28.0155 21.3892
-1.16617 23.054
22.3322 20.6405
29.0943 9.63603
14.7732 -13.4967
8.75105 -37.5924
-18.0392 13.9718
14.1543 13.7515
-48.5656 55.64
-29.6465 45.0533
-15.5722 39.5469
-2.86618 41.5194
9.64922 39.7549
23.1808 43.3843
40.8356 53.9694
24.6452 61.869
10.9192 64.7836
-3.38873 66.0731
-18.1984 65.9054
-32.611 62.792
-19.6603 55.7735
-3.60654 57.2365
13.3774 55.7416
13.4094 49.8527
-3.14774 49.1678
-18.2346 49.3675
-3.29614 53.8099
0 0
