-99.3821 -38.6744
-100.168 -4.49816
-96.0252 23.9102
-87.542 52.274
-74.8617 75.839
-58.0198 97.0856
-30.6194 112.061
4.73095 116.214
36.6343 111.319
64.8294 94.5171
79.8181 74.8724
93.1767 48.0307
98.8783 17.7626
101.124 -11.4269
96.7831 -44.3127
84.2028 -65.5053
62.8753 -84.668
33.8618 -84.0283
19.8774 -70.0972
40.9432 -72.6126
61.2613 -72.279
-88.2985 -60.8227
-69.3848 -82.6025
-39.1364 -82.8978
-23.308 -69.8259
-45.6044 -71.1839
-66.5488 -68.9452
-67.5776 -38.8528
-50.0923 -47.6577
-30.5594 -41.0569
-50.3313 -35.0127
-49.223 -41.2368
69.9213 -41.2475
51.6807 -49.8463
30.8791 -41.6269
50.987 -36.5344
51.2875 -42.6834
-14.6915 -42.5246
-17.5116 -19.8279
-29.1972 5.15677
-25.4984 18.6435
2.24915 21.9736
30.2401 17.9509
31.5045 4.15066
18.6971 -19.6765
14.0886 -43.0239
-13.054 13.6527
16.9554 13.5047
-42.5224 52.1848
-22.5421 45.8108
-8.4508 43.5121
2.99883 45.3457
14.6472 43.7349
29.8057 45.7398
43.5161 51.646
30.4888 59.4935
17.3879 61.3709
1.09028 62.0742
-14.0281 61.3693
-27.0483 58.55
-15.7191 54.8793
2.19951 56.3955
20.6791 55.2928
21.0052 50.6675
1.91743 50.8006
-14.6137 50.699
1.86687 53.2399
0 0
