-102.442 -32.7803
-101.652 -1.46255
-96.9007 26.4338
-88.6848 53.7842
-75.4229 79.503
-57.3279 101.083
-32.0777 116.546
1.50061 122.008
34.5396 113.575
56.632 95.2548
75.6432 74.3992
87.1011 50.7938
92.7508 22.4632
96.7603 -6.4542
97.8782 -37.1008
80.517 -55.9257
60.1549 -78.3035
30.8593 -78.1899
14.8649 -63.7835
34.5229 -64.3407
57.0866 -63.8459
-88.5517 -56.1527
-70.6377 -76.1073
-40.5892 -77.086
-24.0511 -62.431
-46.0306 -63.9002
-67.5266 -62.7682
-69.3359 -33.5191
-48.6131 -40.4321
-27.4369 -35.4181
-48.0246 -30.0281
-48.0954 -34.8013
63.7549 -36.8879
44.6338 -41.989
23.2841 -36.7068
44.1594 -31.8902
43.7568 -36.4276
-14.2162 -37.6757
-18.7417 -13.5768
-32.5947 9.87496
-25.5628 20.835
0.480389 22.9554
24.0435 20.2678
30.4324 8.64666
16.5466 -14.0118
10.7051 -38.3405
-16.054 13.9788
15.1643 13.6652
-44.6929 53.6657
-28.16 42.7394
-14.4448 37.6809
-2.04398 39.6425
10.7337 37.6537
24.4885 41.767
41.4855 51.9822
26.9014 59.3424
14.6182 63.1211
-0.17292 65.7669
-15.5045 64.779
-29.5202 61.7765
-18.3621 54.6883
-1.29045 56.0645
16.0684 54.6191
16.5084 48.4193
-1.7044 47.4841
-18.0928 48.3325
-1.37461 52.7173
0 0
