-105.035 -30.5211
-103.448 -0.851127
-99.9167 26.1501
-92.5342 53.6896
-80.1487 81.5383
-60.7064 104.94
-31.631 118.16
3.81057 123.868
37.1728 115.744
60.544 98.9736
79.3838 76.3801
89.44 51.2002
93.165 23.458
95.4199 -3.46221
94.0849 -32.3809
80.3586 -55.1944
61.652 -76.0577
34.6372 -76.2678
19.7795 -62.3645
38.1027 -64.2031
58.2453 -63.3627
-90.5822 -55.7739
-71.6062 -74.9988
-44.7249 -75.3285
-27.1394 -61.3214
-48.4374 -63.4657
-68.7329 -62.567
-72.4136 -32.2698
-52.8765 -41.8869
-30.5242 -33.5978
-52.1494 -28.1722
-52.3407 -34.8503
68.3011 -35.5037
48.887 -43.5339
28.777 -34.5522
48.7303 -30.3837
48.5466 -36.2286
-14.6149 -35.0538
-18.4108 -13.5788
-32.8211 9.59624
-26.5339 22.4799
0.573286 24.9235
24.5854 23.0739
31.3857 9.15841
16.5927 -14.014
11.5487 -35.6455
-15.6798 15.3245
15.767 15.3536
-46.1308 54.0167
-28.5964 42.8888
-13.7585 37.7779
0.27098 39.3088
14.5852 38.0729
29.559 42.7657
45.2967 54.7372
29.4682 64.6591
16.8442 67.5362
1.08841 68.9883
-14.422 67.7602
-28.5527 64.2514
-18.5181 58.5301
0.513625 60.8617
19.1981 59.2488
19.5042 47.8712
0.846246 46.098
-15.6023 46.2956
0.764799 54.5964
0 0
