-107.41 -31.1127
-108.797 -1.28435
-107.655 25.8405
-101.081 53.6432
-89.7131 80.3063
-69.5706 103.375
-39.5376 118.81
-4.63348 122.97
27.2986 116.933
54.294 98.1283
73.0526 75.3625
83.8514 52.6928
88.4624 24.7287
91.5127 -3.43905
88.3069 -33.6543
76.6808 -55.2928
58.4578 -75.6652
31.9324 -77.7894
16.3351 -64.9746
35.0832 -64.8992
55.1492 -62.8612
-93.1268 -54.7134
-74.7057 -75.7251
-43.9528 -77.6705
-28.2063 -63.8573
-49.8972 -64.8267
-70.8478 -62.6108
-75.205 -34.1821
-56.0976 -43.4492
-34.4285 -36.1013
-55.0023 -30.7483
-55.3755 -36.8686
64.0628 -36.2383
44.9083 -43.7878
23.3585 -35.7613
43.827 -31.4677
43.6787 -37.1871
-17.9653 -35.5551
-21.9596 -12.6058
-35.1434 9.77633
-29.6114 19.5952
-2.57711 22.9906
21.7071 19.7095
28.1262 8.71043
14.8497 -13.131
9.63614 -35.8056
-18.1909 13.0288
13.1113 12.739
-50.0001 55.0805
-30.8363 43.1544
-15.1215 38.3693
-3.24231 40.5683
9.50155 38.9241
23.8792 42.8251
38.5289 53.8467
25.2523 60.5111
12.03 62.8704
-4.61125 64.657
-20.5262 64.0871
-35.0066 61.4317
-22.2193 55.923
-4.94238 57.5244
14.1631 55.7305
14.1483 48.476
-4.72638 47.8669
-21.0499 48.0326
-4.99906 53.2161
0 0
