-100.744 -35.6938
-101.288 -3.56071
-98.329 23.4029
-91.2289 51.7351
-78.1666 79.336
-58.4312 101.736
-29.8041 114.821
5.86528 120.315
40.6662 111.357
62.2234 95.1211
83.0634 72.5072
93.7948 47.471
97.1468 20.0954
99.5226 -7.91498
97.697 -39.179
83.1793 -61.4222
62.8808 -79.698
36.0574 -80.5556
21.1858 -68.2555
39.2676 -67.8028
60.3813 -66.7655
-89.2858 -58.645
-71.2258 -77.5527
-42.4462 -79.0338
-25.7517 -67.0099
-46.7581 -66.6933
-68.0677 -64.8408
-71.4239 -35.7679
-52.2102 -44.5881
-29.7599 -37.9409
-50.947 -31.9449
-50.7411 -38.0695
70.3275 -38.6659
50.6039 -46.1268
29.0973 -37.9675
50.6394 -33.6819
49.9747 -39.4792
-13.8832 -39.6333
-17.8947 -16.9996
-30.9241 5.03402
-26.0558 18.9407
1.31274 21.8308
26.9321 18.9056
31.5038 4.63861
18.1118 -17.1435
12.9748 -40.053
-15.8512 12.7815
16.9205 12.2697
-43.8074 50.3923
-24.8197 40.0888
-10.6138 35.4014
2.57031 36.8878
16.5229 35.6418
31.8353 40.0519
48.1518 50.197
32.3434 59.7442
18.8664 62.5774
1.89443 64.0646
-12.5292 63.0653
-26.4558 60.4283
-15.7041 55.1824
1.5796 57.127
21.7708 55.2455
22.4292 45.4359
2.22754 43.7647
-12.7497 44.2563
1.8146 51.1262
0 0
