-102.483 -33.4502
-102.492 -3.4072
-99.9447 23.4021
-93.686 51.0194
-81.1449 80.4241
-60.245 103.974
-30.9646 116.413
3.056 121.135
35.5251 114.044
58.5682 98.4262
79.7507 76.3495
90.7722 49.6916
95.1284 22.1209
97.937 -6.08277
97.1517 -36.8217
80.6522 -58.3372
62.3741 -78.7432
36.1801 -79.78
20.3239 -66.5167
38.1733 -66.566
58.7893 -65.5557
-88.5022 -58.559
-70.2945 -77.7995
-42.2134 -78.5401
-26.1407 -65.5842
-45.6339 -65.9624
-66.736 -64.9005
-71.7846 -34.9324
-52.0998 -43.6171
-30.2853 -36.2903
-50.9149 -30.3925
-50.9727 -36.7617
67.7839 -38.0334
48.4149 -44.7868
27.6481 -36.8881
48.157 -32.2491
47.6997 -37.8634
-15.1613 -38.3539
-19.1955 -15.8826
-33.4692 7.88437
-28.6549 20.5769
-0.446706 23.1531
24.7488 20.7721
30.909 7.39242
16.7795 -16.5737
11.8883 -38.7857
-17.4415 13.6287
15.5579 13.4007
-45.559 51.9426
-27.9425 40.7793
-12.4017 35.6727
-0.115927 37.5271
12.6081 35.7707
27.642 40.3582
44.1677 51.619
28.7744 61.3089
16.1514 64.7763
0.226425 66.814
-14.9827 65.6575
-28.9837 62.1134
-18.6764 55.8526
-0.567825 58.2217
18.5047 56.2836
18.6051 46.0955
-0.208312 44.504
-16.4732 44.9934
-0.272835 52.3153
0 0
