-106.28 -30.1618
-104.886 -0.378746
-101.546 26.8751
-93.6516 54.2093
-82.6896 79.4791
-64.0034 102.448
-36.4753 118.182
-1.31675 123.662
32.0359 116.584
59.1845 98.1103
78.8002 72.6262
87.419 50.4335
91.9011 22.0517
95.0063 -5.84563
92.9354 -33.9053
80.5061 -55.7911
60.1948 -77.0338
31.6042 -77.3317
16.4058 -63.0782
36.5984 -65.147
57.7475 -63.7784
-93.617 -55.8657
-74.9586 -76.2673
-45.1633 -77.1268
-27.5809 -62.1996
-51.4064 -64.5709
-71.6734 -63.3411
-75.4844 -33.9834
-55.0162 -42.8549
-33.3565 -35.851
-54.4621 -30.407
-54.6199 -36.3098
67.0303 -36.5009
47.6659 -43.814
26.2496 -36.5478
46.782 -31.8698
46.8397 -37.32
-15.9175 -35.0384
-19.8102 -12.1118
-33.8908 10.9451
-26.3186 21.5874
-0.321077 23.8968
23.1428 21.4712
30.1215 9.63912
15.6068 -12.4064
10.2441 -35.6324
-16.6852 14.5403
14.7781 14.3044
-46.9624 55.583
-29.0942 44.4384
-15.2675 39.2989
-1.9822 41.2199
11.5433 39.7428
25.3224 43.7911
41.5474 55.1719
27.1083 62.3101
13.6838 65.1608
-2.13422 66.7832
-17.4199 66.1346
-31.7135 63.0093
-19.5075 56.742
-2.46992 58.4443
15.7301 56.9837
15.7356 49.5597
-2.22325 48.8402
-17.9869 48.8204
-2.39141 54.1586
0 0
