-106.624 -27.8745
-106.363 1.61156
-102.608 28.7564
-95.3974 56.0062
-82.1305 83.8673
-61.3001 106.943
-30.7802 119.782
6.1521 124.176
39.3962 115.131
62.888 97.7958
80.0507 75.915
90.9405 49.2323
93.6338 21.5277
94.6349 -5.26014
91.2747 -33.8292
77.3193 -57.8857
57.6077 -76.5216
31.4863 -75.8527
17.4149 -62.547
35.6516 -64.6421
55.7142 -64.599
-91.8502 -54.4111
-74.1118 -73.0486
-46.6483 -74.1305
-28.9149 -60.6962
-50.0515 -62.2477
-70.858 -61.1325
-75.0071 -31.464
-54.9501 -41.0905
-32.61 -33.7981
-54.0723 -27.6363
-53.9876 -33.8985
65.0513 -36.4219
45.506 -43.8822
25.9803 -35.1388
45.6953 -31.02
45.6547 -36.8338
-15.4123 -34.2765
-19.0904 -13.244
-32.1491 8.83763
-25.0631 22.0352
1.25892 23.9211
24.9841 21.5765
30.3756 6.76153
15.8493 -14.3022
9.3448 -35.3377
-15.3956 14.9144
16.1336 14.1656
-48.0945 51.8908
-27.6702 41.2789
-13.1234 36.5445
1.18149 37.6914
15.9476 36.4116
31.1769 40.4255
48.2839 50.6692
31.8165 63.1174
18.5173 66.7322
1.83321 68.7545
-13.8525 67.6547
-28.2564 63.7616
-17.9116 57.88
1.40161 59.4963
20.62 57.4563
20.9298 45.8188
1.43644 44.8377
-15.1269 45.3121
1.27288 52.8643
0 0
