-105.693 -29.5156
-105.771 -1.28124
-103.089 25.6032
-96.1269 52.7167
-82.9291 82.4058
-62.8514 105.03
-35.1529 118.308
0.637119 123.538
36.0266 116.083
61.0006 99.1577
78.3326 77.7235
89.6047 50.8647
94.1486 22.4623
95.4962 -4.50353
92.338 -33.5614
79.666 -57.3705
60.1376 -76.5221
33.0672 -76.6643
17.5058 -63.9621
37.2187 -65.1553
57.7978 -64.6488
-93.0734 -55.8957
-75.1272 -74.7456
-46.713 -75.5114
-27.666 -62.5667
-48.7264 -63.5461
-70.3318 -62.3734
-75.2702 -32.5692
-56.1499 -42.556
-33.025 -34.0511
-55.188 -28.4816
-55.1668 -35.3384
69.5573 -36.1573
48.3372 -44.645
26.6605 -34.7044
47.6484 -30.5126
47.5955 -36.8283
-16.5054 -35.1758
-20.6752 -12.6158
-32.9169 9.05506
-26.5441 22.385
-0.0798643 24.962
23.9299 22.3594
29.8544 7.93905
16.1388 -13.9713
9.84816 -35.9876
-16.5108 14.9954
14.7739 14.8096
-47.0995 52.9329
-29.7999 41.6532
-14.7485 37.6177
-1.32538 39.245
12.8391 37.4999
27.9349 41.1215
42.6995 52.2565
28.5202 62.7792
15.6321 65.7533
-1.39986 67.5684
-17.9965 66.4839
-31.7887 62.746
-20.8913 58.2642
-0.75157 60.3773
19.4989 57.9501
18.9009 46.1255
-1.18049 45.3852
-19.1563 45.8818
-0.741318 53.5539
0 0
