-103.139 -29.7359
-102.832 0.351523
-99.5995 27.3145
-92.3839 55.1076
-81.1102 82.6063
-62.009 105.958
-32.4193 120.408
3.42002 126.022
37.4168 118.02
62.4575 100.631
81.2213 78.0201
91.0965 52.0837
94.7855 24.0464
97.0659 -2.74753
96.6343 -30.8462
82.4399 -52.8987
62.0121 -74.2219
35.1193 -74.3943
20.4321 -59.8917
39.728 -62.2695
59.8374 -61.5134
-88.0353 -54.6795
-69.6535 -73.4873
-43.2944 -74.0126
-24.0626 -58.711
-46.2869 -61.7038
-66.8452 -61.1267
-73.8145 -30.6733
-52.7376 -40.303
-29.3273 -32.134
-51.8998 -26.6588
-52.0489 -33.2551
69.9064 -33.5612
49.5474 -41.4418
28.4806 -33.2094
49.2968 -28.5304
49.4078 -34.2448
-13.3065 -33.7282
-17.4358 -12.0519
-32.4244 12.0726
-24.8019 22.8748
0.813815 24.9721
24.5018 23.2896
32.3379 11.1391
17.4102 -12.08
12.5577 -34.1507
-15.2597 15.5538
16.0519 15.3656
-47.3536 54.4029
-28.2368 43.5207
-13.171 38.2916
-0.0301632 39.7429
14.1715 38.5189
28.964 42.8058
48.4124 53.6253
30.0834 63.9491
16.9902 66.5429
0.929664 68.4782
-14.7585 67.3513
-29.1089 63.8802
-18.9224 58.8853
0.00685169 60.7816
18.4353 59.2783
18.4369 47.7401
0.242329 46.5706
-16.3786 46.9384
0.304034 54.4598
0 0
