-98.7529 -36.1063
-99.3869 -4.0106
-95.827 23.1219
-87.6779 51.8751
-76.5222 76.0346
-60.2442 98.4471
-32.6813 113.725
4.08329 119.514
38.9733 112.188
65.0601 94.9965
82.8235 73.601
95.2895 48.7386
99.8996 17.6956
101.896 -10.6848
98.1607 -40.2852
84.7554 -61.5298
63.7212 -80.6862
36.9824 -81.3049
22.7975 -68.489
41.8354 -69.6931
61.3827 -68.1696
-88.9012 -57.4684
-69.9683 -78.5705
-40.7944 -80.0848
-24.7686 -67.0682
-46.7109 -68.3429
-66.7527 -65.6246
-69.4896 -36.8524
-50.2826 -46.5926
-28.3677 -39.1366
-49.9321 -33.2849
-49.3796 -39.9532
74.9461 -39.5702
54.4822 -48.5016
31.7512 -39.5908
53.8087 -35.1607
53.8833 -41.3021
-12.9068 -40.8441
-16.7447 -17.8172
-29.1235 5.14615
-23.2003 19.625
2.28688 22.6976
28.4862 19.4383
32.7295 4.57595
18.9713 -17.7259
14.338 -41.3372
-13.7209 13.6365
17.7674 13.3879
-42.977 52.198
-23.9512 44.201
-10.1461 41.0581
3.00208 42.5861
16.6652 41.5287
31.3343 44.2095
46.9802 52.3459
30.907 60.2548
16.9003 61.3154
0.684806 61.4738
-13.4799 61.0168
-26.2988 59.0868
-14.6823 53.9851
1.76145 55.1445
20.1108 54.5457
21.0219 49.674
2.31772 49.0057
-12.9392 48.465
2.12782 52.7304
0 0
