-105.741 -29.3741
-107.435 -0.249777
-105.901 27.4081
-99.975 56.1929
-87.0153 85.9898
-64.5618 108.404
-34.6123 121.034
-1.49524 124.503
32.5634 117.754
59.6752 101.317
77.3684 78.7089
88.1094 53.2474
91.4984 25.0773
93.1081 -2.32317
89.3432 -32.7288
77.4906 -54.9306
58.529 -75.3833
32.2891 -76.2504
16.1328 -62.8257
36.9346 -64.2339
56.6317 -63.0331
-90.8182 -52.6391
-73.6641 -73.476
-46.4814 -75.0641
-27.742 -61.4278
-49.846 -62.5919
-70.3585 -60.9762
-75.0329 -31.3554
-54.9749 -41.4486
-32.9632 -33.5674
-53.944 -27.5526
-54.0785 -34.236
64.9688 -35.3734
45.5117 -43.4598
25.3175 -34.396
45.5475 -30.4109
45.229 -36.3839
-16.759 -33.9491
-20.4608 -12.2165
-33.9156 11.2329
-27.1715 23.6697
-1.46992 25.3591
22.051 24.2915
29.8824 10.5928
14.8078 -13.2658
8.4225 -34.4992
-17.0882 15.8619
14.4388 15.5465
-49.8994 54.6934
-29.6583 43.634
-15.0228 38.2038
-2.29161 39.9765
11.6873 38.2064
27.071 41.9658
44.548 52.103
27.8756 63.7964
14.724 66.8534
-2.04495 68.9774
-18.248 68.0208
-32.9734 64.6678
-21.0076 59.1802
-2.50252 60.8606
16.6487 58.1809
16.3768 46.6071
-2.37242 45.8663
-18.8117 46.8565
-2.59262 53.6077
0 0
