-101.787 -34.1629
-101.831 -4.25461
-99.2725 22.8538
-91.9577 52.4449
-79.4862 80.6077
-58.1466 103.795
-28.2696 116.78
5.36242 121.501
38.9696 112.61
61.8509 96.28
83.6492 70.0511
93.11 47.1157
96.0118 19.7366
98.2272 -7.11453
94.91 -37.5298
80.9649 -60.3257
61.5372 -78.7762
34.3392 -79.2584
19.4921 -66.2911
38.4092 -67.1734
58.9066 -66.3851
-88.7928 -57.3024
-71.4005 -75.6512
-43.2606 -76.7433
-27.1141 -63.7394
-48.0602 -64.6348
-68.8821 -63.5623
-72.3084 -34.47
-53.4926 -44.2317
-31.2299 -36.0638
-52.1108 -30.4262
-53.0607 -37.1963
64.7151 -39.3632
45.9305 -46.7957
27.4792 -36.7554
46.8428 -33.5874
46.1322 -40.0446
-14.5289 -37.4585
-18.4485 -15.4855
-31.8572 6.72952
-27.0003 19.6017
0.307264 22.8881
25.1693 20.3865
31.172 6.02351
17.1975 -16.0511
11.5188 -38.0278
-15.8612 13.1427
16.3655 12.5245
-45.6073 51.9556
-27.3304 40.2271
-12.2492 34.693
1.08177 36.3681
15.1173 34.8417
31.2911 39.9828
47.7081 51.7713
32.4678 60.1903
19.0418 63.2016
1.17697 65.2867
-14.1535 64.3523
-28.2618 61.3029
-18.5996 55.1615
0.128937 56.8118
21.2455 54.9829
22.1017 45.3045
0.954959 43.7848
-15.3089 44.3229
0.0320435 51.0174
0 0
