-102.758 -39.0953
-104.804 -6.34199
-102.676 22.1832
-95.229 51.7552
-83.5808 76.2869
-65.1949 98.605
-36.5717 113.805
-1.91787 117.863
29.1431 114.484
59.8499 97.3102
75.4252 75.3383
87.5775 49.9165
93.1713 19.9337
96.1087 -9.60697
90.8031 -42.131
79.4626 -62.7146
60.657 -82.5593
32.9499 -82.9313
18.4156 -69.4505
39.2925 -71.3344
58.6025 -70.0968
-89.214 -61.0342
-69.7373 -83.0094
-39.9926 -83.1318
-26.1312 -69.6073
-48.1306 -71.6014
-68.1323 -69.2603
-68.6126 -39.7446
-51.5804 -48.2207
-33.3959 -41.4101
-52.0294 -35.7552
-51.4764 -41.9327
62.4134 -40.5901
46.5172 -49.0333
27.7147 -41.3526
45.6185 -36.1628
45.9916 -42.3017
-17.1551 -41.8715
-20.3466 -19.2649
-32.8722 5.80438
-30.1019 18.3489
-0.774424 22.2422
26.8157 18.6407
28.6803 5.52172
16.4625 -18.9644
11.4635 -41.9797
-15.7655 13.2562
14.7189 13.4951
-48.26 52.5281
-26.7222 46.2899
-12.0052 43.575
-1.03728 45.8559
9.81867 44.2416
25.0385 46.6031
38.6814 52.9398
25.8857 59.594
13.2244 61.6488
-2.82874 62.3826
-18.5599 61.7884
-32.1459 58.5246
-19.7768 54.3441
-1.80865 56.122
16.1907 54.9771
16.4136 51.3887
-2.00007 51.5142
-18.7616 51.1409
-2.57376 53.4774
0 0
