-94.9716 -37.4868
-95.3425 -6.83151
-92.0489 20.7523
-83.4194 50.1625
-73.4796 73.1995
-58.8039 95.6821
-34.5847 111.985
-2.48191 117.726
31.009 113.654
61.8962 95.5463
81.2713 72.8779
95.3773 48.4044
102.074 15.5307
105.622 -14.6926
101.501 -42.7593
84.9752 -60.5102
63.7281 -81.7011
36.5753 -83.2248
21.5865 -70.1073
41.3032 -70.6889
61.3403 -68.718
-85.6171 -58.6049
-67.1856 -81.4078
-36.6228 -82.6171
-23.1075 -68.7072
-45.5072 -70.9138
-64.192 -67.68
-65.9473 -39.0321
-48.5768 -48.1717
-28.5826 -40.5328
-48.5241 -34.9953
-48.2252 -41.8565
71.0901 -40.7334
51.9719 -49.1102
30.5982 -40.6757
50.9027 -35.8039
50.949 -42.2201
-13.1404 -42.1721
-17.8368 -18.2385
-29.4876 5.94466
-23.7336 18.0227
1.18377 22.0671
27.7642 17.762
32.4495 4.96746
19.5195 -18.1869
14.8452 -42.5328
-14.4168 12.4318
16.7548 12.1629
-42.6214 52.3958
-24.236 44.412
-10.5351 41.4203
0.981072 43.4315
13.0072 41.8357
26.8214 43.8602
42.4998 51.9486
28.5924 58.7435
14.7674 60.2329
-1.86305 61.7111
-16.4504 60.9099
-29.1732 58.3052
-16.5407 53.5993
-0.546323 55.0678
17.8435 54.1451
18.1226 49.9996
-0.5167 49.9844
-16.0557 49.6407
-0.553048 52.7057
0 0
