-102.14 -42.1711
-102.178 -7.48801
-98.8276 21.0489
-89.9819 51.4171
-77.5135 74.2359
-59.8408 95.1398
-32.156 110.405
2.68435 115.429
35.9067 109.975
66.9001 90.5643
78.7123 71.8823
91.202 46.6727
96.2335 14.5103
97.9622 -14.753
92.7426 -46.3969
80.7217 -66.9166
60.5263 -84.742
34.2878 -84.2366
21.1169 -70.608
41.343 -73.336
59.4117 -72.9584
-87.2019 -62.4788
-68.8882 -83.2445
-40.6007 -83.3569
-26.2546 -70.2866
-48.6948 -72.505
-67.246 -70.4061
-67.2735 -39.8042
-50.1629 -49.2198
-30.0917 -41.8605
-50.2863 -35.9053
-49.8961 -42.6411
68.2993 -43.1022
49.0792 -51.9734
28.6357 -42.7937
48.9052 -38.0846
48.7052 -44.5556
-14.6417 -43.9456
-17.7404 -20.8502
-29.6409 4.95616
-24.8473 17.67
1.53358 20.9462
27.7823 16.7801
30.187 4.02674
16.8425 -20.7517
12.345 -44.402
-13.8763 12.5449
16.291 12.4773
-43.9566 51.5528
-22.3422 45.8536
-7.75466 42.7806
3.69769 44.6555
15.0715 42.7502
30.107 44.0418
45.1543 48.148
31.0756 56.9504
18.0552 58.9452
1.92568 59.8742
-13.598 60.0333
-27.6609 57.243
-15.9311 53.0087
2.97943 54.0479
21.2632 52.6128
21.4525 49.7161
2.82082 50.5324
-14.5719 50.6276
2.55885 52.101
0 0
