-103.512 -27.7471
-105.258 0.813592
-103.379 28.2019
-97.3262 56.8243
-85.1451 86.2505
-64.0648 108.534
-35.9212 122.433
-1.84049 127.136
34.4486 120.043
62.189 104.305
81.5138 79.4415
91.0343 53.9006
94.617 25.3584
96.0288 -1.42487
92.9256 -29.7531
81.6156 -52.5325
61.3718 -73.5031
33.8439 -73.868
17.7943 -60.1591
39.8288 -62.3263
60.1063 -61.0378
-90.383 -51.8432
-73.0706 -71.9902
-46.1164 -73.337
-24.9501 -58.7134
-48.3902 -60.7067
-69.3245 -59.5183
-75.2066 -30.0405
-53.7579 -39.7014
-31.0646 -32.136
-53.1451 -26.4055
-53.038 -32.725
69.2863 -33.0612
48.4589 -41.3452
27.4063 -32.8973
48.1776 -28.6216
48.2925 -34.4116
-14.7625 -32.0359
-19.1134 -10.492
-32.9521 12.2687
-24.849 24.5984
-0.127262 26.4522
23.3066 25.4031
31.4896 11.8345
16.5281 -11.0314
10.1155 -32.5236
-15.8459 16.7555
15.4075 16.7804
-48.5818 56.1295
-29.3236 44.9882
-15.5446 39.6943
-1.96073 41.3666
12.8791 39.8893
27.9369 43.7435
46.1895 54.4775
28.6114 65.3293
15.0203 67.81
-1.97255 69.5255
-18.1926 68.47
-32.3961 65.3244
-20.8556 60.0375
-1.75654 61.7068
17.3888 59.4282
17.2842 48.1194
-1.67268 47.4308
-18.51 48.0652
-1.80672 54.9246
0 0
