-104.859 -32.1111
-106.144 0.583624
-102.718 29.0648
-95.2742 56.3741
-81.544 81.0923
-63.3234 101.952
-36.0154 119.305
1.54624 125.559
35.3866 116.184
58.3574 97.5795
76.6257 77.1419
87.8453 53.4643
91.497 25.3488
94.2296 -2.49869
93.1301 -31.7521
79.9973 -51.8369
59.8856 -73.298
31.7049 -73.7628
18.2142 -60.082
36.9819 -61.4665
57.6062 -60.4649
-88.809 -52.8196
-71.185 -72.8856
-42.2941 -74.7242
-24.807 -59.9087
-48.3625 -62.3907
-68.3526 -60.8651
-69.91 -31.5919
-47.9649 -38.7209
-25.7084 -33.9058
-47.5792 -28.6869
-47.3299 -33.0657
65.3368 -32.1481
44.8159 -38.9532
22.6632 -33.6595
44.477 -28.7757
44.1856 -33.423
-12.4123 -34.6096
-17.1791 -11.9661
-30.8658 10.3087
-22.1359 19.0521
1.25592 21.5682
23.0187 18.5303
29.0839 9.58544
16.1571 -11.3406
10.9155 -34.9426
-14.4601 12.5008
14.2636 12.845
-48.7038 52.8549
-27.6209 41.4704
-13.8928 36.266
0.116408 37.9399
14.65 36.8494
28.3451 41.0478
45.9939 51.5922
29.628 61.8766
16.6575 65.322
0.423472 67.6552
-16.1102 65.9401
-31.3504 62.5476
-19.3808 56.844
0.146605 58.5832
18.0299 56.93
18.9157 47.0965
-0.124239 45.89
-17.4976 46.5702
-0.0585054 52.895
0 0
