-104.105 -37.9532
-104.179 -7.08828
-100.601 20.7134
-92.7707 49.4032
-81.6738 75.8669
-61.6365 99.9056
-33.021 113.188
3.40163 117.883
34.612 110.439
56.9605 95.1293
79.3763 71.1816
90.6466 44.9839
94.1376 17.6488
97.0601 -10.2416
94.4215 -40.1592
81.0442 -62.5746
61.6714 -81.9482
33.518 -82.1308
19.802 -69.0502
37.5093 -70.3989
58.2184 -69.7937
-89.3501 -61.7744
-71.8561 -79.9789
-43.3334 -80.9713
-26.9956 -67.9687
-47.9065 -69.1995
-69.1933 -68.2155
-71.854 -38.373
-52.5019 -48.4313
-31.1986 -39.2196
-51.4384 -34.4274
-51.8601 -41.1049
64.4051 -41.5721
47.1901 -49.3079
28.1011 -39.6402
47.2546 -35.9278
46.791 -42.285
-14.4913 -41.1257
-17.9977 -17.5469
-31.5171 7.37471
-26.9399 17.9337
0.632196 20.8106
25.8824 18.5194
29.9673 5.78223
16.8682 -17.3302
12.0995 -41.5649
-15.0333 12.0934
15.9955 11.5925
-46.1707 49.9702
-28.653 39.1949
-13.319 34.2581
-0.237796 36.2087
12.3687 34.6319
28.187 39.6864
44.2649 51.2971
30.217 58.3012
17.5574 61.5694
0.363561 63.3948
-15.1994 62.071
-29.0065 58.3018
-19.1578 51.8917
-1.32085 53.6313
17.9493 52.6445
18.3235 45.8617
-0.922595 44.2484
-16.9809 44.4339
-1.29848 49.5754
0 0
