-100.334 -38.5119
-102.433 -5.58988
-98.7383 22.6187
-91.7834 51.3559
-78.4516 78.4084
-61.0167 100.482
-32.5175 116.559
6.13523 123.066
40.6059 112.777
62.2491 96.5651
82.34 76.6209
94.581 49.5065
97.2973 20.7016
98.8884 -6.44211
97.4229 -36.6705
82.7551 -54.2145
61.5774 -75.1997
34.503 -76.0311
21.4937 -63.0999
39.4923 -64.201
59.6099 -63.2238
-83.9595 -58.4463
-68.0307 -76.0679
-41.099 -77.4119
-22.5547 -63.6136
-45.0427 -66.1152
-65.0645 -64.9806
-68.6422 -34.7232
-47.0616 -44.0575
-22.5848 -35.9981
-46.3888 -31.1554
-46.2596 -37.1857
69.1757 -34.81
47.1426 -43.357
23.9353 -35.3196
47.6303 -30.6375
46.7448 -36.5545
-9.59951 -39.0761
-14.3518 -16.3651
-28.9834 6.95959
-20.3771 17.7838
3.33182 20.3657
26.8478 18.0312
31.8403 6.85327
18.0601 -15.2154
13.0211 -39.2139
-12.9381 11.5983
17.5345 12.0287
-48.3601 48.7727
-27.0126 38.2953
-12.3692 33.7347
1.96323 35.1237
16.478 34.2035
31.8125 38.2428
51.6862 47.9678
32.3049 60.1763
18.1563 63.1473
1.16767 64.9773
-14.8649 63.004
-28.8994 59.6744
-19.1657 54.1512
1.16288 55.906
21.0218 54.8059
22.2224 44.1952
0.983944 42.5626
-16.8123 43.2841
1.30475 50.1765
0 0
