-102.398 -40.7275
-103.673 -6.70831
-100.43 22.5075
-91.9601 53.7969
-80.0955 77.5788
-61.7813 99.9513
-32.6345 114.882
0.945523 118.837
31.1694 114.047
59.9516 94.6501
74.2338 74.2812
87.3028 48.8509
92.7773 18.4584
96.4 -11.0603
92.6324 -43.6761
79.9064 -61.5547
60.8851 -81.3285
34.6995 -81.6544
20.3366 -68.059
39.9207 -69.8752
58.1884 -68.8447
-85.5806 -60.6079
-66.7502 -81.4217
-38.7812 -81.1849
-26.675 -67.9815
-48.1183 -70.3948
-66.8159 -68.326
-64.3811 -39.2929
-48.5456 -47.1479
-30.8518 -40.7252
-48.6972 -36.1154
-48.5961 -41.5369
59.1593 -41.0359
44.8047 -48.2522
27.3327 -41.2616
44.4462 -37.0096
44.3539 -42.4789
-15.3824 -42.3508
-18.521 -19.9514
-30.6171 5.86239
-27.5246 16.8042
-0.139939 20.6859
25.9147 16.9216
28.4941 5.10316
16.6571 -19.2711
12.3176 -42.4735
-14.3653 12.3469
14.9118 11.9709
-45.128 52.6023
-25.4148 45.6115
-10.8801 42.2467
-0.777235 44.4767
9.4058 42.7856
24.5251 45.5708
38.7019 52.172
26.0802 57.946
14.47 60.2206
-1.37052 61.7925
-15.605 61.0306
-28.9006 58.0268
-18.5963 53.3536
-1.5407 54.7156
15.9329 53.9584
15.9935 50.5628
-1.61932 50.7094
-18.0358 50.7786
-2.10491 52.4569
0 0
