-100.554 -40.6155
-102.835 -5.60025
-99.7191 22.4231
-91.2366 51.1818
-79.8308 73.925
-62.9447 96.2554
-33.2719 111.995
4.51074 116.726
36.3994 111.192
63.8593 92.1739
77.1881 72.764
90.3845 47.1949
95.2103 16.9968
97.6242 -12.1028
91.9398 -44.7533
82.0376 -64.5691
62.206 -83.4669
35.0408 -83.9572
21.4783 -70.9066
40.918 -72.7275
59.4222 -71.5665
-89.3229 -59.7341
-69.5785 -82.4291
-38.8197 -83.0602
-26.7381 -70.3853
-47.9518 -71.9553
-67.8865 -68.9496
-66.8596 -39.5647
-50.2075 -49.1792
-30.9923 -41.3716
-50.1987 -35.6276
-49.8245 -42.6419
66.0537 -41.8262
49.1471 -51.0581
29.1793 -41.6931
48.5266 -37.2099
48.5665 -43.795
-15.1947 -43.9495
-17.8713 -21.1035
-28.9543 3.5575
-26.3208 16.9861
1.20514 21.066
28.339 16.4196
29.2485 2.37532
17.5414 -20.7971
13.5297 -44.2816
-13.4789 12.2804
15.9868 11.8963
-43.2826 51.5939
-23.1128 44.7943
-7.76048 42.1657
3.21635 44.1893
14.2596 42.5792
29.4446 44.709
42.2588 51.0818
29.7724 57.9628
17.3571 59.4959
0.850248 60.4398
-13.7212 60.0118
-26.8028 57.2457
-16.1433 53.1715
1.62236 54.4123
20.0167 53.5717
20.3626 50.0708
1.79621 50.1479
-14.7499 49.8238
1.32568 52.209
0 0
