-103.519 -40.7467
-105.219 -4.8115
-101.002 24.4109
-92.5898 53.5323
-78.2964 77.0369
-60.9102 97.0331
-33.9587 113.788
2.39978 119.293
36.1061 111.625
63.2852 92.1674
77.4942 73.4904
89.3978 47.4422
93.4739 18.1872
95.75 -10.822
93.2261 -42.7571
80.8962 -59.2472
59.893 -80.412
31.6323 -80.4224
18.3093 -66.5123
38.7082 -68.0882
58.5179 -66.9692
-86.5975 -57.6166
-69.2867 -79.2155
-39.9186 -80.7128
-23.4103 -66.8736
-47.5466 -68.7193
-67.2372 -66.0591
-65.6058 -37.2327
-45.6764 -44.3256
-25.0449 -39.7951
-45.9075 -34.9693
-45.2197 -39.1978
64.4937 -38.7309
45.5189 -45.7844
23.3298 -40.4768
45.3918 -35.7523
44.8123 -40.4086
-12.6709 -41.9837
-16.3912 -18.5655
-29.5455 6.25092
-22.5022 16.4252
2.55709 19.4684
27.1411 15.2517
29.7703 5.39113
16.9426 -17.6018
11.6613 -42.2879
-13.0545 11.808
16.4359 12.0206
-45.2572 51.4321
-24.1582 44.6162
-10.6939 40.789
1.60091 42.7312
13.0772 40.9994
27.688 42.8088
45.0917 47.6115
28.9571 56.5122
15.6581 59.019
0.647217 60.2786
-14.328 59.6642
-28.3739 57.5377
-17.6513 51.8078
1.24227 52.7414
18.9535 51.5651
19.7032 49.33
0.835693 49.6894
-16.9824 50.3125
0.974813 51.3219
0 0
