-103.737 -39.6845
-104.417 -7.95575
-101.958 20.0327
-94.291 48.0507
-81.713 74.2124
-62.2887 96.2278
-36.5688 111.139
1.4224 118.841
36.4121 110.162
57.7571 94.0951
80.9376 69.6398
90.5436 44.9559
93.9235 18.7689
96.5311 -9.45204
94.4132 -38.6437
81.1644 -62.8318
63.0669 -81.2627
36.4745 -81.9562
23.1357 -69.777
40.6946 -69.9753
60.0985 -68.0226
-90.019 -60.1977
-72.4546 -78.5365
-46.0915 -80.7719
-28.2015 -68.2116
-48.5816 -67.9997
-68.7519 -66.287
-71.9819 -38.789
-51.1963 -47.002
-29.8459 -40.2467
-50.2336 -35.8934
-50.2718 -41.1384
70.4189 -41.0063
50.8304 -48.2505
29.1293 -40.3876
50.3633 -36.8367
49.6689 -42.276
-13.6646 -41.7025
-18.1562 -16.4044
-32.0154 6.40082
-25.9792 17.011
0.690056 20.5688
24.8327 17.1957
30.1668 6.28108
17.1091 -15.9457
12.5508 -41.9178
-15.7473 11.5214
15.3892 11.7055
-44.2733 49.64
-28.1729 39.5493
-13.9559 34.5735
0.270948 36.4679
13.7046 35.2107
28.256 39.8261
44.4699 50.5553
29.7144 57.7622
16.9519 60.7032
0.379695 61.7018
-15.1453 60.6813
-29.2604 57.4775
-18.2264 51.6788
-0.00985339 53.6712
19.1515 52.2186
19.3294 46.3007
0.649606 44.8094
-15.8038 44.5439
0.332342 49.9704
0 0
