-102.541 -36.9809
-102.895 -5.66819
-100.019 21.9801
-92.379 51.039
-80.389 78.3031
-61.5759 100.528
-36.0721 113.366
1.33128 119.746
36.6061 111.735
58.9284 96.3515
81.2268 73.9197
92.6342 45.5786
95.405 17.7804
97.1375 -11.1512
94.2569 -39.7
79.2653 -62.5902
60.2874 -80.0439
35.5066 -81.0889
22.6144 -70.0691
38.5637 -69.2023
58.0211 -67.6163
-88.7337 -59.4076
-72.1832 -76.5922
-46.9136 -79.4802
-28.0057 -68.0988
-47.9793 -67.4035
-68.1035 -64.7835
-71.3248 -37.1227
-52.0594 -46.5027
-30.1417 -39.1329
-50.8504 -34.5383
-50.566 -40.2307
69.4234 -40.36
49.7646 -48.3735
28.5889 -39.6329
49.188 -35.9746
48.624 -41.8178
-14.3664 -40.896
-18.9007 -15.9796
-31.355 6.92655
-25.1089 17.6275
1.29171 20.5918
25.9733 17.1066
30.3737 5.51308
17.6939 -15.8343
12.0587 -41.4348
-15.4798 11.721
16.0301 11.2841
-45.1128 49.4318
-27.5466 39.3291
-13.7385 34.7817
0.280163 36.1173
13.9509 35.1529
28.8688 39.4043
45.6771 49.8673
29.5881 58.1268
16.5554 60.4675
-0.0632292 61.273
-14.9563 60.2883
-28.5057 57.61
-16.9475 52.4087
0.0365413 54.0105
18.7297 52.5144
18.8727 45.3748
0.235085 43.9088
-14.9575 44.0607
0.235923 49.9147
0 0
