-100.586 -39.9655
-102.237 -7.18097
-99.431 20.6763
-91.3725 50.5705
-80.3361 74.2896
-63.1565 96.9275
-34.3636 111.996
1.40618 116.322
33.5284 111.504
63.3051 93.1182
78.1024 72.8533
91.0937 46.4349
96.2796 15.1144
98.6991 -14.4114
93.8856 -45.1464
80.8945 -65.438
60.266 -84.0323
33.3251 -83.7269
19.9288 -70.6419
39.3417 -72.5074
58.689 -71.9015
-87.3081 -62.1131
-68.1306 -83.0137
-38.3259 -83.3917
-25.0592 -70.2297
-46.5462 -72.221
-66.2927 -69.838
-67.6837 -40.4488
-50.4291 -49.2174
-30.7196 -42.2977
-50.597 -36.3638
-49.9621 -42.7381
65.7441 -42.0382
48.7324 -50.4889
28.737 -42.6229
47.8742 -37.1519
48.3142 -43.4262
-15.2816 -43.6389
-18.655 -20.527
-30.432 4.07913
-27.2665 16.3859
0.640548 20.1262
27.7913 15.7943
28.7608 2.73175
17.1524 -20.3187
12.4893 -44.0483
-14.9253 11.5825
15.5777 11.3236
-47.1399 48.8223
-24.8707 43.3346
-10.4619 41.29
0.505548 43.2543
11.5509 41.7903
26.5853 43.6236
42.5869 49.1
28.0937 56.2674
14.8982 58.0424
-1.1108 58.5866
-15.9765 58.3479
-29.3921 55.3655
-17.1937 51.3479
-0.30891 52.5799
17.503 51.8829
17.8703 48.9207
-0.297386 49.2739
-16.3074 48.7521
-0.650426 50.7159
0 0
