-99.2721 -40.8602
-100.988 -6.76961
-97.4098 21.4436
-90.5226 50.2754
-76.978 77.6058
-59.0332 99.0185
-31.736 114.753
5.75076 121.051
40.4528 111.276
61.2723 96.2407
82.5206 75.2073
94.068 48.375
97.3996 19.5848
99.6847 -8.305
98.7459 -40.577
84.6248 -59.0708
63.1016 -78.7927
34.2815 -78.6423
20.7096 -65.3819
39.972 -66.5714
61.4966 -66.4056
-86.3991 -60.8059
-69.3076 -78.3123
-40.7436 -79.104
-21.8119 -65.2262
-44.1509 -67.0491
-65.8237 -66.4203
-70.6358 -36.8122
-48.2719 -45.768
-24.0497 -38.0943
-47.5995 -32.4304
-47.5351 -38.9073
70.2117 -37.8217
47.5908 -46.1577
25.1131 -37.6875
48.2381 -32.805
47.4628 -39.2016
-10.8076 -41.1205
-15.368 -17.4506
-30.012 5.9517
-22.9899 17.6148
2.84509 20.6694
27.7085 17.6109
31.7884 5.82579
18.3538 -16.4918
13.1431 -41.2741
-14.3007 11.3473
17.109 11.7638
-48.1521 48.2177
-26.7116 37.726
-11.7144 33.078
2.15697 34.4493
16.8394 33.4214
32.3096 37.8312
51.9345 47.7785
32.7491 59.1888
18.6973 62.2557
1.4705 64.2037
-14.8688 62.3911
-29.2547 58.9163
-18.3149 53.7274
1.56185 55.4652
21.5104 54.0119
22.8339 43.287
1.59944 41.6221
-15.6229 42.3816
1.51121 49.4427
0 0
