-101.604 -39.5704
-100.529 -6.37869
-96.2325 23.0229
-86.9839 54.2014
-74.7555 77.0132
-57.68 98.1524
-32.3615 112.859
1.30745 117.784
32.929 112.731
61.1562 95.1613
75.428 76.7715
90.6167 49.4573
95.7412 18.2594
98.5531 -11.2705
93.9984 -43.3864
79.0629 -64.8406
60.0246 -82.8548
34.6668 -82.8702
21.0187 -69.7698
40.0352 -71.6717
58.1179 -71.0595
-86.3264 -59.6138
-68.5261 -79.5902
-41.4384 -80.3705
-27.6369 -67.7915
-48.7658 -69.6156
-67.4844 -67.1633
-65.4636 -38.0443
-49.1818 -46.798
-30.8873 -40.0522
-49.1749 -35.1221
-49.1599 -40.894
62.0133 -42.8982
44.4941 -50.5051
27.0719 -41.9198
44.6679 -38.3561
44.432 -44.337
-14.686 -42.1928
-18.4529 -18.9895
-29.3273 6.14651
-24.1484 18.767
1.15612 21.8459
26.1209 18.285
29.9888 4.96274
16.9695 -18.8758
11.3416 -42.7115
-13.1982 13.5701
16.0716 12.9086
-42.1558 52.896
-22.9767 46.4392
-9.24454 42.8827
2.57891 44.6841
14.1375 43.0083
28.8953 45.3363
42.1481 50.5309
28.2641 58.0468
16.218 59.8194
0.665638 61.1807
-13.4174 60.5286
-26.0558 57.9594
-15.7674 52.3174
1.64689 53.1252
18.7318 52.2877
19.5966 51.1487
1.57534 51.3693
-14.7074 51.4765
1.06437 52.5942
0 0
