-101.599 -42.6286
-102.384 -7.09155
-99.6744 21.0819
-91.7366 50.7636
-80.6074 74.4972
-62.6965 97.0443
-33.3187 112.086
3.168 117.478
35.2997 111.637
62.053 93.2786
79.5156 72.0776
91.4534 46.8354
95.7474 17.1749
98.5133 -12.9115
94.2635 -46.4976
78.8949 -64.8126
60.5854 -82.7674
35.4416 -83.162
22.144 -70.1553
39.3769 -71.0846
57.8242 -70.1043
-87.0671 -62.2021
-68.2795 -81.2595
-41.2587 -81.7495
-28.8691 -69.1001
-48.3829 -70.4573
-67.1196 -68.2708
-67.9146 -39.5249
-50.5043 -48.2665
-31.1442 -41.2694
-50.2827 -36.1706
-50.191 -42.3243
64.5432 -42.5475
47.7278 -50.2015
28.44 -42.2446
47.207 -37.9192
46.8982 -43.8359
-15.7848 -44.4772
-19.1794 -20.3095
-32.8096 4.89717
-29.2831 16.2605
0.245696 20.0773
27.7163 15.6544
30.4484 4.0476
17.2495 -19.8212
12.8007 -44.7654
-15.9772 11.2
15.8598 10.9317
-48.034 49.9495
-26.3942 42.6755
-10.262 39.2118
1.06672 41.0028
12.5254 39.6393
28.2093 42.706
44.884 49.684
29.4103 56.3771
16.7908 58.83
0.563358 59.6651
-14.8822 59.5519
-29.3856 56.5361
-17.3402 51.6485
0.540939 52.906
18.7724 52.0309
19.2175 48.3411
0.718779 48.018
-15.9772 47.7023
0.0689338 50.9276
0 0
