-98.2766 -36.929
-97.746 -3.21834
-93.5387 24.9408
-85.8284 52.8495
-75.3709 78.4057
-57.5838 100.569
-32.8323 114.477
2.1002 120.792
37.3458 112.959
59.9913 97.3853
82.8203 75.3464
94.9007 48.3261
98.7137 21.4815
101.976 -7.00312
101.557 -38.3045
85.0803 -59.542
64.5953 -78.6109
38.6918 -79.6314
23.9664 -66.3784
41.7865 -66.9633
61.9944 -65.6436
-85.3291 -57.9339
-69.1979 -75.4889
-43.4802 -77.2672
-24.6998 -64.31
-46.1014 -65.0203
-66.3068 -63.6056
-70.7238 -34.9216
-50.2985 -44.3792
-28.2369 -36.6375
-49.0316 -32.8171
-48.7479 -38.2384
73.5235 -38.8114
53.7627 -45.8856
31.4392 -37.9702
53.4178 -34.7963
52.6862 -39.9308
-11.6988 -39.7094
-16.0503 -14.8229
-29.768 10.1595
-21.5278 19.3453
1.97144 21.122
25.9529 19.2779
33.8814 9.11699
19.385 -14.082
14.7221 -39.9104
-13.7766 13.2611
17.3163 12.5155
-41.6563 53.2018
-25.8891 42.2567
-11.7456 36.813
0.91846 38.4041
14.2837 36.884
29.2337 41.296
48.1534 51.5654
30.5206 59.3014
17.3897 61.8703
0.995269 63.2496
-12.8603 62.3173
-26.2981 59.8178
-16.4605 53.6692
0.0256823 54.7941
18.6322 53.8357
18.5057 47.7398
0.497357 46.559
-15.0366 47.0201
0.718194 51.3375
0 0
