-101.725 -40.2011
-103.596 -5.57749
-99.6349 23.0852
-91.2378 52.9277
-79.1087 75.782
-62.202 97.1799
-34.2993 113.22
1.84199 117.264
33.3461 112.306
62.5313 93.7363
75.9181 75.7462
89.9809 47.3611
94.3477 17.242
97.0283 -13.0056
92.5078 -46.2446
80.4527 -61.8738
59.3946 -82.1298
33.1973 -83.2394
18.1089 -69.9249
38.919 -71.2531
58.0928 -69.6124
-89.3707 -57.9372
-71.6334 -80.4624
-40.9822 -82.034
-27.1619 -69.2299
-49.766 -70.5752
-69.6098 -67.1629
-69.0845 -39.0626
-51.1502 -47.7753
-31.864 -41.682
-50.9425 -35.7511
-50.5161 -41.7922
61.6398 -42.2826
43.3646 -49.9476
22.8714 -42.9946
43.2404 -37.9758
42.7692 -43.8882
-16.1527 -43.8052
-19.0392 -20.2396
-30.3314 5.32271
-25.0737 17.0652
1.09983 19.7054
27.1451 15.3148
29.3538 3.19526
16.3856 -20.1036
10.6474 -44.2219
-14.2599 12.2621
16.5303 11.2576
-44.0114 51.9434
-22.6648 45.8836
-8.40833 42.6094
1.83764 44.4936
11.9511 42.6365
26.2692 43.6501
42.5288 46.7667
26.9449 57.2195
13.6029 59.8495
-1.58045 61.7338
-14.8688 61.0476
-27.3765 58.1022
-16.5844 52.7115
-0.309245 53.5196
16.9527 52.1564
17.1607 49.7138
-0.443123 50.7556
-16.1017 51.0867
-0.552268 51.8832
0 0
