-93.6057 -40.3276
-93.427 -6.58985
-90.2839 23.0417
-82.4287 55.479
-70.8197 80.2635
-54.828 101.048
-29.6768 115.416
2.83727 120.656
38.5089 116.677
71.0115 101.849
87.4659 80.6155
100.977 53.6586
105.821 19.4792
106.866 -11.272
100.316 -44.8373
80.5744 -61.0741
60.6698 -79.6355
35.63 -79.5013
21.0078 -66.0184
41.5935 -68.5587
59.6411 -68.1191
-81.1831 -58.276
-64.2663 -77.5335
-38.3832 -77.3097
-25.5144 -64.2868
-46.4452 -67.5419
-63.3017 -65.7729
-64.317 -35.8338
-48.0257 -45.8584
-28.4891 -38.0234
-48.3311 -32.0124
-48.0022 -39.3318
68.2147 -40.1019
47.8018 -49.1259
28.4076 -40.2209
48.138 -35.0598
47.7148 -42.0472
-13.0365 -41.9797
-17.237 -18.3502
-29.0868 7.29011
-22.2439 20.3474
1.54099 22.2254
26.8903 19.4675
32.6286 6.9076
17.9475 -18.6247
11.9888 -42.5345
-13.2694 13.7523
16.8557 13.5578
-41.7444 54.9398
-21.3869 48.4961
-8.14495 45.2916
2.97633 46.9354
14.596 44.9135
29.2722 46.4491
46.4052 51.0681
29.2431 60.5435
16.1096 62.3713
0.881958 63.1311
-13.2089 63.099
-25.5238 60.5114
-15.0294 54.8856
3.06694 55.5139
20.4141 54.6896
20.941 51.8171
2.52 52.4571
-14.619 52.6177
2.44227 54.0008
0 0
