-100.486 -38.1897
-101.005 -2.26045
-97.5779 26.5161
-89.5886 55.6662
-78.4617 78.2277
-61.2266 99.6009
-32.631 114.991
3.03123 119.952
35.35 114.08
62.6528 97.1702
80.0985 74.6741
92.1971 50.5072
96.9165 20.4488
99.6529 -8.55374
95.6335 -42.1366
83.9575 -60.3409
64.6574 -79.6683
39.2538 -80.5318
24.1751 -66.4556
43.8552 -69.0715
61.3162 -67.2352
-88.6016 -56.5133
-69.4834 -78.3629
-41.1838 -78.6684
-27.7735 -65.5144
-49.3888 -67.3956
-67.8269 -65.3033
-68.079 -36.2866
-50.018 -46.1576
-30.2424 -38.3607
-49.9288 -32.9142
-49.5441 -39.7762
70.6613 -39.9618
51.1538 -48.2352
30.463 -39.6712
50.9262 -35.6905
50.5368 -41.8445
-13.3558 -40.5902
-16.2019 -17.8835
-28.5348 6.42375
-22.7659 19.7197
1.68184 22.7687
26.7085 19.1729
31.9612 5.60682
17.8621 -17.2918
14.2146 -40.842
-12.8298 14.3992
16.601 13.7862
-39.2676 56.1894
-21.8005 47.5704
-7.4793 43.591
3.49938 45.57
15.1094 43.8104
29.2106 46.2841
44.0207 53.3634
29.1313 59.6394
16.4672 60.677
0.856038 61.5387
-11.7582 61.5035
-24.3415 60.0226
-14.6151 54.1913
1.36972 54.8632
18.6702 54.1559
18.8968 51.552
2.02419 51.8491
-13.357 51.4457
1.62817 53.5883
0 0
