-100.049 -37.7131
-100.095 -3.27712
-95.9969 25.2035
-88.1748 53.2703
-78.3676 77.903
-60.7437 100.43
-34.9253 114.664
0.342946 119.939
34.1179 113.196
58.1315 97.2397
80.5353 74.1786
91.7808 48.897
96.1109 20.1796
100.002 -9.63502
98.5193 -41.5631
83.6874 -59.4108
63.1995 -79.9183
35.9997 -80.7655
20.8605 -66.9137
39.4486 -68.1895
60.0817 -66.9095
-88.6427 -59.1257
-71.3356 -78.5215
-43.6216 -79.6078
-26.8622 -66.0207
-49.0341 -67.634
-68.8207 -66.1488
-71.7345 -36.7377
-51.2155 -46.5312
-30.0527 -38.2139
-50.3529 -33.5323
-50.0687 -39.9393
70.2687 -39.4159
51.6988 -47.0626
29.74 -39.0805
51.0481 -34.9506
50.4334 -40.6494
-13.776 -41.0202
-17.386 -15.6989
-31.2859 10.4253
-23.8434 19.5168
0.910771 21.0999
25.3449 19.121
32.0077 8.97379
17.7182 -15.044
13.2 -41.304
-15.1465 12.7989
15.8849 12.209
-44.588 53.9065
-27.516 42.4069
-13.231 36.9913
-1.28982 38.7685
11.5767 37.2038
25.9367 41.6705
44.4646 53.3407
27.9496 60.092
15.1354 62.9025
-0.986867 64.482
-15.2786 63.6087
-29.2342 60.6096
-17.2346 54.3575
-2.06374 55.4874
15.3384 54.598
14.9817 47.712
-1.79951 46.5202
-16.4994 46.971
-1.63951 51.4527
0 0
