-98.6279 -42.7159
-101.161 -6.56332
-98.5805 21.2301
-91.0825 51.0431
-79.6591 75.1651
-62.7016 96.9545
-34.2969 112.332
4.16443 118.213
39.1561 111.902
66.2914 94.4387
81.3635 74.7691
93.5788 47.911
97.7392 16.3748
99.4267 -13.2668
94.6266 -45.4915
83.515 -63.8302
63.8425 -82.1541
37.7903 -82.3559
24.4169 -70.0196
43.327 -71.2104
61.4226 -69.884
-87.8907 -60.4052
-68.3196 -81.3237
-39.998 -82.0851
-25.9987 -69.7258
-46.8278 -71.024
-66.3416 -68.1618
-65.9546 -39.6906
-47.5232 -49.051
-27.379 -41.7786
-47.659 -36.0997
-47.0531 -42.8573
71.1324 -41.5741
51.9935 -50.9515
30.733 -42.2936
51.2378 -37.5587
51.1548 -43.8407
-13.397 -44.7667
-16.8118 -21.3123
-29.3001 3.29861
-25.7171 17.3462
1.89744 21.239
29.3352 16.6986
30.6761 2.78726
18.2575 -20.4861
14.3113 -44.9708
-14.0415 12.2645
16.8714 12.2958
-43.8788 51.1869
-23.1936 44.6689
-8.36413 41.6887
3.5676 43.3835
15.7241 42.1198
31.0365 44.3571
46.1163 50.553
30.4926 57.4903
17.9195 58.4748
1.85088 58.6679
-12.571 58.634
-25.9693 56.6432
-14.5095 51.9632
3.01853 52.9457
20.5343 52.196
21.114 49.467
3.09476 49.2933
-13.066 48.8751
2.69739 51.7617
0 0
