-100.328 -37.592
-99.6487 -2.25097
-96.3554 26.0591
-88.5135 55.3731
-76.6604 78.6302
-60.2234 99.3577
-33.0866 114.89
1.80973 120.781
35.7651 114.618
64.3709 96.6061
79.8475 76.0491
92.0932 51.2846
97.2678 20.4737
99.6931 -8.48419
96.7198 -40.9016
83.6883 -60.9296
63.9007 -79.3744
38.7983 -79.6217
24.4401 -65.9649
43.8145 -68.0617
61.6801 -66.6343
-87.5191 -57.8001
-68.3012 -78.2732
-41.3135 -78.4322
-26.0267 -65.3427
-47.7984 -66.9562
-66.1248 -64.9428
-67.3069 -36.0903
-49.1968 -44.7654
-28.9729 -38.5031
-49.3813 -33.0753
-48.5987 -38.9856
73.3032 -38.8829
52.6207 -47.0238
31.1428 -39.5646
51.9369 -35.1662
51.8591 -40.7057
-12.7673 -39.6255
-16.4243 -17.1535
-29.231 6.04898
-22.9374 19.9779
1.95178 23.2712
27.0736 19.3895
32.2407 5.94463
18.0859 -16.4802
14.1717 -39.875
-13.6672 14.5246
16.6917 14.3799
-40.7295 54.7019
-21.9843 47.2314
-8.48769 43.733
3.46406 45.4035
16.1308 44.139
30.0711 46.3678
44.9131 52.7029
29.1001 59.7835
16.0547 60.4356
0.901656 60.6424
-12.0208 60.7426
-25.0984 59.5128
-14.0041 54.5092
2.27193 55.4412
19.5618 54.5655
20.0619 51.2369
2.7125 51.4167
-12.5673 50.972
2.41422 53.9049
0 0
