-102.382 -39.2296
-103.557 -5.54589
-100.48 22.3025
-91.8824 52.8039
-80.5131 75.7269
-62.3911 98.4091
-32.7736 115.164
2.70157 120.549
34.6829 114.553
64.0417 93.6564
76.5365 73.8754
89.1026 48.326
93.8451 17.2055
96.5221 -11.0507
92.6195 -41.1283
80.7463 -61.5268
61.0046 -80.224
35.0105 -79.9254
21.9629 -66.3216
41.2195 -68.4461
59.2019 -67.8716
-86.1826 -58.7189
-66.4881 -79.5005
-38.213 -79.6989
-24.9141 -65.6893
-47.3587 -68.6383
-66.5362 -66.3601
-65.6554 -37.5487
-48.0363 -45.4215
-28.7628 -39.5882
-48.1189 -34.7306
-48.2104 -39.9016
63.5104 -40.2403
47.3732 -47.6848
28.7422 -40.6383
46.9794 -36.5641
47.2962 -41.6845
-14.0921 -41.2174
-17.7047 -19.7015
-30.2864 5.64268
-26.3597 17.6894
0.912877 21.7568
27.3178 17.6586
29.8927 4.82875
17.3932 -19.01
13.0767 -41.4606
-13.8645 13.032
16.2886 12.6763
-46.5905 51.7516
-23.8758 46.0987
-8.46995 42.7662
2.95438 44.6584
14.5782 43.2287
30.2283 45.3586
45.7675 50.0977
30.9733 57.2297
18.7887 59.145
2.27838 60.6344
-13.4591 60.1684
-27.7292 57.4498
-16.9467 53.0782
2.40687 54.3468
20.2282 53.4008
20.9094 50.6264
2.41772 51.0169
-15.1964 50.799
1.62542 52.9721
0 0
