-93.4811 -40.3857
-95.4426 -5.46357
-91.6985 22.6247
-83.34 53.0571
-71.9395 75.3702
-56.2181 96.35
-28.5843 114.911
11.2417 121.818
46.0766 114.178
73.7044 96.196
88.549 74.3744
98.9682 48.6005
103.132 18.6756
104.654 -10.574
101.544 -43.1721
88.0199 -59.7018
65.5722 -78.9738
40.3168 -78.9903
24.9596 -65.8701
47.4027 -68.9329
65.1496 -66.9287
-83.2358 -60.6377
-66.4272 -77.8525
-41.9325 -77.7946
-26.5764 -65.1902
-47.4054 -67.4362
-65.3645 -66.2951
-65.854 -37.4838
-47.9656 -46.0993
-28.1674 -39.8718
-47.9841 -34.0521
-47.6759 -40.1144
68.5833 -39.9715
48.3155 -47.8614
27.1447 -41.3036
47.9117 -35.6264
47.7608 -41.6968
-12.2221 -42.0336
-15.6385 -18.2759
-28.1076 5.83894
-22.9332 18.8549
2.84578 21.2183
28.8575 17.7808
32.215 5.01962
18.7347 -17.2971
14.7661 -42.2189
-12.2637 13.8412
18.1049 13.0719
-38.7987 53.2797
-20.5505 47.0901
-7.2587 44.1537
2.83143 45.8347
13.4698 44.3186
28.0743 46.0639
45.848 49.4424
30.8011 58.8813
18.3147 62.2104
2.34254 64.0757
-10.9845 63.4895
-22.7755 59.7163
-14.0577 55.7177
3.22122 56.7885
20.893 55.5747
20.1191 50.7048
2.34631 51.8942
-13.8188 51.5557
2.70778 54.07
0 0
