-94.3136 -31.7275
-94.0988 2.04584
-88.2831 28.9061
-78.6404 57.8015
-67.6145 78.3156
-53.6894 100.052
-26.1119 118.109
12.0169 124.305
48.1032 114.858
75.0232 93.752
88.2415 72.9239
100.724 51.6725
104.684 20.1899
105.932 -9.11697
101.955 -38.8658
84.7205 -54.5349
61.4711 -74.72
35.4988 -75.9327
20.3012 -63.7756
39.7614 -64.1668
59.9232 -62.1433
-83.6398 -52.2981
-66.9602 -71.9417
-38.709 -74.0539
-25.5471 -61.5409
-48.1857 -63.377
-66.0722 -60.0041
-63.0111 -32.107
-46.1512 -41.2081
-25.8294 -35.6989
-46.2074 -29.6881
-45.8697 -35.1796
66.2651 -35.8645
47.7028 -43.6736
26.2777 -37.1152
47.0461 -32.31
47.0723 -37.7161
-12.0444 -37.8961
-16.3803 -15.1165
-27.6726 6.37881
-19.885 21.4202
3.81954 23.0225
29.3679 20.4327
34.5094 4.74252
20.1366 -15.2476
14.0959 -38.7771
-11.3997 14.9456
20.3097 13.8188
-40.682 55.3692
-20.7404 48.0236
-8.06133 44.9531
4.53444 46.2039
17.418 45.0722
32.4513 47.006
48.6701 52.3213
34.1784 61.9353
20.0536 65.3721
4.07959 66.8283
-9.75314 66.5019
-22.244 63.7773
-12.273 57.2887
4.46801 57.6182
22.5262 57.0014
23.7727 53.433
4.06278 53.6845
-11.8406 53.6451
4.05797 56.2703
0 0
