-91.7034 -41.4009
-93.1026 -6.21421
-88.125 21.7458
-78.9745 51.4785
-67.2949 73.1532
-53.2321 93.6061
-29.1222 113.495
10.7257 121.131
47.8993 112.442
74.5184 93.4266
88.7822 73.471
99.7167 49.4705
104.598 19.0075
107.071 -10.4181
105.632 -41.3015
92.813 -57.5979
68.5364 -78.9662
38.3191 -79.3865
23.7088 -66.7738
46.598 -68.5018
67.7027 -66.8001
-81.76 -59.3797
-65.3958 -77.8383
-36.5859 -79.0261
-20.0099 -66.1531
-43.5633 -68.3565
-63.4095 -66.6092
-61.9116 -38.0673
-42.2441 -46.1487
-21.1487 -40.1283
-42.3353 -34.8
-42.2641 -40.1879
69.425 -38.6479
49.0502 -47.4292
26.2517 -40.6654
48.5226 -35.0475
48.4663 -41.0219
-9.48421 -42.8773
-14.0802 -17.4119
-26.1066 6.93231
-19.8884 17.6195
3.42434 19.8211
27.9068 16.9563
31.5887 6.37406
20.1489 -16.1846
16.1991 -42.964
-11.2231 11.7986
18.0385 11.9142
-39.0809 53.1794
-22.3819 45.4332
-9.40127 41.8626
2.10958 43.805
13.1825 42.2701
28.3017 45.0378
44.6091 51.5487
31.4394 60.2193
18.3579 64.1545
2.4078 65.9508
-12.4476 64.5658
-24.6762 60.2053
-15.8441 54.6896
2.99478 55.8581
21.0603 55.2773
21.2743 51.4275
1.96777 51.4341
-15.9522 51.6412
2.66476 53.6855
0 0
