-96.8448 -38.9921
-97.5432 -2.50878
-93.7137 26.2241
-85.0448 56.4076
-72.645 78.276
-56.098 97.1446
-32.0413 114.493
4.82465 121.737
39.9269 115.467
67.6704 98.0315
83.9594 75.7392
94.6363 51.4564
100.929 19.1778
103.504 -11.1669
101.259 -42.5533
87.2627 -60.2574
67.7344 -78.1249
43.9627 -78.8026
29.4267 -66.4608
49.4366 -67.9545
66.1343 -65.8411
-83.1066 -58.4857
-65.2296 -77.0317
-41.9008 -77.622
-25.0242 -66.1353
-46.1879 -66.6508
-63.3661 -64.5164
-62.8138 -36.5919
-43.9954 -43.5198
-25.4284 -39.1162
-44.5404 -33.7102
-43.4861 -38.4119
72.6476 -38.1941
52.783 -45.9325
31.5946 -40.1145
51.6766 -35.2868
51.9705 -40.4261
-11.8539 -41.2243
-16.2307 -16.7218
-27.8929 7.10747
-21.0169 21.5865
2.69863 24.0397
27.187 20.6965
32.6347 7.43523
19.913 -15.8032
16.1523 -41.4123
-12.3718 15.0961
17.1471 15.3056
-37.5028 55.8507
-21.0972 49.009
-8.09228 45.6926
2.87725 47.4123
13.9343 46.1438
27.7201 48.2625
42.4042 54.2383
29.3939 61.5278
17.5817 64.0414
2.11518 64.8873
-12.5753 64.1684
-25.0572 61.2121
-14.0779 56.7277
3.80221 57.9756
20 56.8399
19.552 53
3.28271 53.6295
-13.8431 53.2538
3.47578 55.8826
0 0
