-99.509 -41.1963
-99.1216 -5.96357
-94.4054 22.7566
-84.8161 53.0832
-71.4518 74.6879
-54.9385 94.1775
-31.2967 111.698
4.28673 119.542
40.8442 111.148
68.6912 90.6571
81.8527 70.9936
93.7694 46.3967
98.7418 14.4664
100.707 -14.444
97.7777 -44.1729
84.4392 -63.4456
63.5329 -81.1096
38.609 -80.5197
25.0649 -67.451
45.2605 -69.5531
62.7423 -68.376
-84.759 -58.3701
-67.3653 -77.991
-41.9366 -78.8942
-25.6598 -66.4331
-48.873 -67.9317
-66.1287 -65.587
-63.6232 -37.7676
-44.5806 -44.6807
-24.7683 -40.619
-44.8802 -35.9992
-44.1975 -40.0018
72.1566 -41.2696
52.1395 -48.172
30.0254 -42.2784
51.7635 -38.5688
51.4165 -43.0056
-11.0499 -42.8329
-15.3277 -18.935
-26.9666 4.92484
-18.8554 18.374
3.64376 21.1171
27.3707 17.307
32.0835 4.72165
18.4577 -18.2907
13.6993 -43.3191
-11.7995 13.3513
17.8737 13.1974
-39.1166 51.8745
-20.3863 46.4855
-7.90374 43.019
4.75614 44.6359
17.1071 43.04
31.2806 44.2171
47.6242 47.6897
32.3939 57.0996
19.6644 59.7535
3.90025 60.8196
-10.7343 60.4769
-24.2364 58.0568
-13.5635 52.9139
5.30549 53.8005
22.8394 52.4075
23.0592 50.42
5.19148 51.3736
-12.4762 51.3519
5.19775 52.7616
0 0
