-86.276 -41.0135
-89.8643 -2.45592
-87.0056 26.1005
-80.6479 57.1117
-70.3961 79.9433
-55.1771 99.6371
-31.2825 116.853
4.13463 123.641
42.4973 117.681
71.6716 101.521
89.4013 80.2564
102.348 55.3703
108.232 24.0954
110.98 -6.99632
109.01 -41.4863
91.7115 -56.75
70.7265 -75.2928
44.2448 -76.4234
29.228 -64.7822
49.2624 -64.7504
69.0007 -63.2473
-73.0385 -57.2166
-56.8661 -74.1997
-31.4801 -74.8966
-16.8867 -63.7288
-37.3502 -64.2478
-55.8321 -62.4246
-55.4198 -34.5429
-36.8952 -41.5231
-18.3664 -36.8715
-37.7528 -31.8376
-36.5226 -36.2492
70.4108 -34.6943
52.0805 -42.7997
31.8686 -37.4262
51.1526 -32.2407
51.5431 -37.4706
-7.6156 -41.0675
-13.5125 -16.4234
-25.5916 6.85155
-19.551 19.4472
2.92304 21.7671
27.9855 19.656
33.6345 7.70173
22.6731 -14.5953
18.7332 -40.7606
-11.1967 13.0826
18.1894 13.6655
-39.6618 54.3176
-21.677 46.7301
-8.48145 43.3089
1.93578 45.3402
12.7745 43.995
28.5872 47.3805
45.6049 54.4263
30.6706 62.0108
17.6273 65.1065
1.53747 65.4735
-12.607 64.6562
-25.0297 61.3415
-15.4915 55.0762
2.65445 55.6835
20.0586 55.5721
20.8762 53.1056
2.18127 52.8448
-15.2959 52.8645
2.12565 54.288
0 0
