-89.3321 -38.4374
-92.7007 -1.67905
-90.4087 25.5983
-84.3763 54.9861
-74.3066 79.0286
-56.764 100.377
-29.6775 117.134
7.44131 122.986
45.372 116.285
75.1305 99.6225
93.4595 77.2758
104.45 51.2561
107.467 21.3868
108.318 -7.83817
103.556 -39.7127
88.5488 -57.44
67.37 -75.7587
41.5374 -77.0471
28.1809 -65.5248
47.3307 -65.8615
66.2535 -64.0541
-77.4975 -55.9056
-62.0708 -73.9902
-35.9463 -76.0423
-20.6681 -64.4789
-42.2346 -65.4569
-60.7389 -62.7544
-59.9911 -34.6145
-41.2127 -42.7844
-21.271 -37.7232
-41.1866 -33.1001
-40.3726 -37.3225
71.543 -36.2351
53.1833 -44.5272
31.6378 -38.4018
52.3049 -33.9996
52.4795 -38.9169
-9.48169 -40.2282
-14.3373 -17.1065
-26.8993 6.97381
-21.2331 17.1956
2.86014 19.7576
29.389 16.8321
33.382 6.62749
21.4737 -15.6956
17.3474 -40.2192
-11.8588 11.7168
18.6216 11.7273
-43.1027 53.5628
-21.6993 45.8617
-7.41802 42.0586
4.17685 43.8515
15.9703 42.4519
33.0743 45.357
50.8964 51.841
34.8562 59.2698
21.2529 61.9609
3.71656 62.4133
-11.5271 62.0503
-25.2708 59.4571
-15.6656 53.3714
4.39899 54.1456
23.4854 53.5151
24.2535 51.517
3.95379 51.4789
-14.6699 51.5213
3.72676 53.1171
0 0
