-95.8726 -36.2385
-98.038 -1.60091
-92.9076 26.0536
-83.3517 56.652
-71.9033 78.1907
-54.2938 98.8848
-27.8212 115.964
9.96392 121.147
43.9902 113.595
69.8705 95.2357
84.4038 73.0994
95.1492 47.898
100.204 14.6973
102.294 -14.3537
99.2269 -42.7325
89.111 -60.8243
67.4593 -79.4705
40.8789 -79.2998
26.855 -66.7056
47.8264 -69.0121
65.926 -67.7327
-84.4134 -55.4303
-66.4167 -75.8741
-39.5043 -77.3567
-22.2447 -65.1758
-44.9471 -66.2477
-64.6508 -63.5959
-62.8726 -36.2598
-42.7178 -44.0818
-23.7384 -39.0851
-42.9003 -33.2282
-42.3756 -38.3082
69.4109 -39.7786
51.5786 -47.7178
31.751 -40.4788
51.073 -36.4071
51.7618 -41.7574
-11.5633 -41.1457
-15.0088 -18.0721
-25.4845 7.17005
-19.7194 21.0684
3.8736 23.439
29.2135 20.217
32.3445 5.54554
20.5622 -17.5847
16.3578 -41.8027
-10.4053 14.701
18.5897 14.1773
-37.1586 55.976
-20.4539 48.3
-6.92203 44.4973
4.3776 46.0837
15.8025 44.7939
30.763 47.3851
45.3372 54.6819
32.977 62.081
21.088 64.8575
4.37239 66.492
-10.7923 65.2771
-22.9856 61.8624
-13.2859 56.4933
4.78548 57.2291
21.0407 56.5211
21.2513 52.4391
4.54754 52.792
-12.4448 52.786
4.4127 55.1393
0 0
