-87.4438 -39.3667
-89.7742 -3.78136
-85.0373 24.0741
-76.5866 54.2837
-67.4624 75.7225
-54.0882 96.4367
-33.474 115.415
4.24789 124.682
45.2587 116.979
73.0859 97.826
87.7579 78.8858
100.517 53.7707
106.951 22.4881
110.418 -7.28354
111.306 -35.7276
95.3551 -54.1325
72.1893 -74.389
45.1621 -75.4546
30.2376 -63.7299
50.9958 -64.0608
71.234 -62.276
-74.0117 -57.407
-57.9751 -73.8418
-32.9617 -75.2095
-15.3899 -62.3738
-38.2889 -64.7423
-57.3774 -63.0319
-57.7541 -34.8528
-37.6105 -41.9747
-17.0558 -36.4924
-38.014 -32.6485
-37.2077 -36.6418
74.3394 -34.0495
55.952 -42.3181
33.2664 -37.2448
54.4275 -31.9572
55.1355 -36.6497
-6.34079 -40.9423
-13.0308 -14.9635
-24.9494 9.84682
-16.6882 20.1071
3.40648 21.3879
26.7337 20.4335
33.8051 10.1581
23.2903 -13.0686
19.6955 -40.6039
-10.2789 13.5162
18.6407 13.9157
-39.6073 54.2032
-23.4434 47.5965
-10.7514 44.1761
0.559449 46.0939
11.9604 44.7732
27.3196 47.6509
46.2354 53.9935
30.8003 62.4053
18.0708 66.245
2.17497 67.2344
-12.9961 65.9257
-25.2967 61.3907
-16.5397 55.8516
2.58729 56.8011
19.3903 56.934
19.221 54.5357
1.67404 54.4396
-17.0057 54.3173
2.55031 55.7817
0 0
