-91.1132 -39.4484
-91.6161 -5.87385
-88.7874 22.812
-81.0953 54.5113
-69.5039 76.7704
-53.0968 95.9668
-32.1423 113.99
1.97732 122.682
41.5594 115.357
68.7646 99.2615
87.5823 77.0974
98.6342 56.2186
105.528 24.2871
108.954 -5.59849
108.741 -37.1331
91.4973 -59.3949
71.621 -77.1814
47.0909 -77.9582
30.3009 -65.8197
51.8753 -67.0631
70.265 -65.0039
-78.715 -59.2904
-61.8467 -75.2099
-38.589 -76.0188
-22.349 -63.7578
-43.6313 -65.5329
-60.9411 -64.7356
-62.0628 -36.6275
-42.3702 -43.5618
-21.6339 -38.8086
-42.5029 -33.7425
-42.016 -38.1619
77.7103 -37.7242
56.2116 -45.265
33.3676 -39.5621
55.4475 -34.4266
55.7078 -39.6935
-10.063 -40.9574
-16.1319 -15.0802
-28.1896 7.85162
-21.2948 19.9679
0.796904 21.6941
24.1744 20.3923
32.7447 9.98544
20.6763 -14.2299
16.967 -40.6773
-13.3282 13.4398
15.9716 14.1352
-40.4945 55.7445
-23.9273 48.4919
-11.6932 45.0713
-0.541346 47.1776
11.7536 45.6517
26.3669 48.5392
43.8745 54.6963
28.9004 62.5273
16.1146 66.3488
0.487815 66.6055
-15.2617 65.8595
-28.1122 61.9774
-16.5804 56.8474
1.75153 58.2722
18.5213 57.4275
18.4673 54.2178
1.33125 54.3892
-16.501 53.5842
1.7623 56.4869
0 0
