-92.6088 -37.6275
-94.4243 -3.19111
-90.0009 24.1679
-80.7808 54.8658
-69.3 76.4096
-53.9798 96.8753
-30.0478 115.864
7.29374 123.624
45.9576 115.088
73.5807 95.1712
87.8367 74.6369
99.6864 50.1748
104.434 18.1878
106.17 -10.9426
104.501 -39.0307
90.5607 -57.51
66.5211 -76.5263
39.321 -76.5378
25.0333 -64.3277
46.5514 -65.1709
66.4853 -63.791
-81.3576 -54.9187
-64.105 -73.6526
-37.4255 -75.6664
-19.2841 -62.5574
-43.3837 -64.3614
-62.9147 -61.675
-62.6753 -34.5819
-43.1265 -42.1797
-22.0606 -37.9258
-43.1283 -32.6904
-42.5397 -37.0587
73.6618 -36.9299
53.8552 -44.5688
31.373 -39.169
52.8826 -34.2039
53.2715 -39.0158
-9.68598 -40.2441
-14.7918 -16.2309
-26.358 7.38386
-19.3244 19.797
3.81349 22.2003
29.5873 19.2136
34.2585 6.544
21.5847 -15.3084
16.9327 -40.5346
-11.0246 14.2366
19.3577 13.7095
-40.4617 53.3542
-20.2473 47.8052
-7.57198 44.6881
4.50323 46.0948
17.3738 44.8519
32.6463 46.4529
51.5481 49.7789
35.5723 59.1024
22.364 62.1964
5.26195 63.883
-10.4559 63.1687
-23.8503 60.1896
-13.1717 56.1047
5.60111 56.8815
23.3905 55.644
23.6196 52.1056
4.86887 52.8065
-12.334 52.8612
5.04192 55.0032
0 0
