-87.6631 -44.6294
-92.117 -7.20932
-91.4241 20.5015
-86.0249 50.7485
-75.6827 75.2663
-59.417 95.6983
-34.0799 113.536
1.56575 121.746
42.0799 115.031
73.4246 97.7383
92.1761 76.1612
103.005 50.6631
107.011 20.7495
108.877 -8.43866
106.948 -39.4542
92.6186 -57.4827
70.7227 -77.1259
43.9949 -77.9986
30.4537 -65.4918
51.147 -66.288
69.9777 -64.2539
-75.4022 -60.0524
-58.6651 -78.3616
-32.527 -79.261
-16.7567 -65.5342
-39.1667 -68.0293
-57.2901 -66.36
-59.3316 -37.5848
-39.2476 -45.2016
-17.4303 -39.4032
-39.4901 -34.9842
-38.7255 -39.9066
78.2615 -36.1731
56.6842 -44.8943
33.0675 -39.1546
55.8644 -33.6221
55.6758 -38.9357
-6.10262 -42.1188
-12.0268 -18.4741
-26.514 5.54267
-20.8074 14.3376
2.83598 18.6105
28.9914 14.6005
33.1235 6.76487
21.7434 -15.8974
19.3704 -41.3839
-12.6139 10.2457
17.5317 11.1859
-43.0936 50.8737
-21.6158 44.2123
-7.95973 40.3838
3.48284 42.5172
15.737 41.02
31.6147 43.5072
52.6402 48.8687
33.8292 55.7716
20 57.1478
3.04585 57.4943
-11.5622 57.5771
-26.0104 55.7143
-15.736 51.0919
3.72397 52.1863
22.8769 51.3884
23.2659 49.5205
3.48902 49.6173
-14.4345 49.4417
3.46621 51.1211
0 0
