-90.6373 -32.8403
-91.5714 -1.72008
-86.4898 25.259
-77.0158 55.3948
-67.2795 77.4933
-53.4936 98.3623
-30.8149 117.024
8.68965 124.225
46.7837 117.286
76.1702 100.302
92.8699 76.7328
102.918 50.7658
107.613 18.837
109.615 -10.6132
106.437 -37.777
92.8033 -54.5079
68.1483 -75.081
41.3104 -76.2448
25.0058 -64.5531
48.6378 -66.3993
68.4186 -63.6653
-85.5975 -56.0055
-69.2764 -73.9781
-42.6678 -75.4219
-24.3114 -63.0247
-48.2519 -65.3956
-67.0611 -62.9189
-66.3628 -35.2849
-47.5942 -44.0688
-27.2246 -37.8693
-47.51 -31.9936
-47.3151 -37.9567
70.2535 -37.195
49.2472 -46.1181
27.4739 -39.0765
48.3645 -33.4007
48.8034 -39.6988
-12.1397 -38.5328
-16.7808 -14.5795
-26.9734 8.87393
-19.5836 21.4478
3.44191 22.8711
28.3141 20.2083
32.8515 7.30298
20.733 -14.0246
15.1588 -39.0053
-11.7225 14.7149
18.7123 13.873
-36.2353 57.4882
-20.831 49.2511
-9.55607 45.6501
1.71035 47.0973
13.3419 45.9361
27.2044 48.2542
42.7824 55.2857
29.2858 63.7614
16.3751 66.8492
0.271841 68.8683
-13.0322 67.3719
-23.2902 63.389
-13.7268 58.6413
2.61673 59.8668
19.3872 58.9001
18.7493 53.1367
1.28882 53.6769
-14.201 53.6087
2.057 56.8762
0 0
