-96.2563 -41.4893
-95.6 -7.12903
-90.6797 21.1896
-80.6139 51.3226
-69.9676 72.9815
-56.1179 93.6241
-32.4472 112.607
7.79718 120.202
42.8685 113.287
70.4397 94.5143
84.6443 74.5556
96.4545 48.4287
101.284 17.9578
104.079 -11.7819
100.587 -43.2178
86.9002 -60.173
64.779 -78.7975
39.2746 -80.5289
25.1854 -69.0101
45.7771 -70.1907
64.1355 -67.9557
-85.3768 -60.367
-69.3163 -77.547
-42.576 -78.9261
-26.8881 -67.4629
-48.8229 -69.0538
-67.2557 -66.6934
-67.2225 -39.1244
-49.5567 -48.3432
-29.0399 -40.7442
-49.0423 -36.0133
-49.5481 -42.2113
65.2555 -41.3869
44.8499 -50.7206
23.6701 -41.9259
44.5717 -37.3662
44.274 -44.1692
-13.2299 -43.6617
-17.5509 -17.1584
-27.8809 7.27906
-20.6596 18.0615
1.99517 20.1056
25.0403 16.7287
30.0946 6.03468
18.4512 -16.5083
13.396 -43.8748
-12.6263 11.6701
16.9314 11.0604
-38.6617 53.4329
-22.9772 45.6338
-8.95719 42.0668
1.78841 43.7827
11.8123 42.3609
26.1365 44.7602
40.4175 51.1041
27.4147 59.4584
14.7222 62.5963
-0.793305 64.4569
-14.4666 63.0718
-25.4069 58.6733
-16.8662 53.5689
1.25236 54.6068
19.2069 54.0981
18.8598 51.0101
0.546359 51.4836
-17.2304 51.5086
1.04886 53.1277
0 0
