-98.1265 -41.6344
-99.0649 -6.83027
-95.2445 21.5359
-86.2051 52.5038
-73.5683 74.3819
-56.5684 94.2606
-32.7644 111.815
5.16495 120.003
42.4636 111.455
67.6275 94.3852
85.644 71.4914
95.6044 47.0298
99.5477 15.8839
101.343 -13.3994
98.8551 -43.4625
85.9909 -63.0098
65.5547 -80.0491
41.0729 -80.1724
26.9082 -68.0893
46.3489 -69.6002
64.3389 -68.1307
-84.8471 -59.3378
-66.8928 -77.0876
-40.8015 -78.4676
-24.9634 -66.6156
-47.994 -68.3343
-65.9719 -66.1778
-64.7542 -38.6581
-45.2458 -46.7335
-23.0953 -41.3208
-45.0961 -36.0671
-44.6375 -41.0287
73.1514 -41.285
52.4117 -49.3077
29.4903 -42.6286
52.276 -37.71
52.1258 -43.4382
-12.1156 -44.2183
-16.4249 -19.1289
-27.1311 4.11283
-21.0594 16.2306
2.8616 18.8211
27.0774 15.0027
30.2438 3.764
19.254 -18.483
14.6812 -44.5639
-12.0104 11.441
16.7303 11.3775
-41.773 51.0261
-21.4246 45.452
-8.16985 42.7016
3.44166 44.4895
14.7875 42.8467
29.7773 44.2607
48.5102 47.756
32.4158 57.1661
19.354 61.0163
3.43984 61.5757
-12.5944 60.9232
-25.8091 57.5976
-15.0273 53.2411
4.67286 54.6545
21.8807 53.2171
21.9282 50.3761
4.37368 51.2107
-13.7964 50.5204
4.64252 53.1611
0 0
