-97.3594 -38.7932
-100.464 -2.17977
-98.1668 25.1096
-90.5194 54.26
-79.1344 77.454
-62.2675 97.7518
-35.7961 116.037
3.76136 123.136
41.0346 115.98
69.1802 96.4266
83.8174 75.0029
93.5598 51.099
98.0425 20.6827
100.248 -8.82198
97.4228 -38.9984
86.9734 -56.2324
65.9912 -75.5698
38.1344 -76.6703
25.2001 -65.2213
44.7175 -65.0782
64.1195 -63.2764
-83.6709 -54.9798
-64.9422 -75.24
-36.3662 -77.1049
-20.407 -65.2084
-43.4509 -65.7901
-63.0611 -62.6483
-61.8035 -35.3506
-42.1541 -42.6648
-21.7722 -37.9474
-42.3417 -32.7976
-41.8486 -37.4
68.3458 -35.119
50.1387 -44.0861
28.1989 -38.1421
48.7535 -32.9947
49.2659 -38.1624
-11.2496 -40.4483
-16.1466 -16.0148
-27.8517 6.99297
-22.5049 18.8545
1.57921 21.8869
25.5028 18.3494
29.1039 6.80906
19.0427 -14.777
15.309 -40.4649
-13.1392 12.4044
15.8438 12.8805
-43.1733 52.7671
-23.6186 45.3443
-9.52819 41.7172
1.98879 43.7661
13.0403 42.4973
28.2896 45.3324
43.4958 52.7841
30.2517 58.8961
17.9814 61.1988
2.09614 61.9485
-13.6825 61.2449
-27.5076 58.5125
-16.4656 53.5302
2.76617 54.7029
20.0181 53.8526
20.3726 50.97
2.31423 50.7372
-15.7373 50.7583
2.1977 53.0503
0 0
