-99.7964 -38.906
-98.3606 -4.71563
-94.1463 24.5274
-85.3232 54.9259
-73.5565 77.0782
-57.2885 97.9562
-32.066 114.944
2.95503 121.907
36.3319 115.19
63.7103 97.112
79.9825 75.2957
92.1551 51.948
97.8773 20.9993
101.318 -7.9054
98.3118 -40.2924
84.1735 -60.2898
65.1433 -78.7225
40.6165 -79.0673
25.5248 -65.5665
45.6237 -68.2895
62.789 -66.5976
-86.5204 -59.7663
-68.3095 -78.2693
-43.1999 -77.7412
-29.1637 -64.8406
-50.7652 -67.3944
-67.7653 -66.2315
-65.9578 -37.466
-48.3932 -45.3239
-29.8162 -39.1754
-48.639 -34.6874
-48.5178 -39.9202
68.4376 -40.0073
49.2943 -47.3556
29.6302 -40.2097
49.0512 -36.5195
48.7304 -41.8506
-12.7299 -40.13
-16.7329 -17.1387
-29.1733 6.60931
-22.3006 19.9661
1.59538 22.8332
25.4097 19.9598
31.7613 7.1305
17.7028 -16.2526
13.4703 -40.2642
-13.1769 14.3184
16.3964 14.1684
-39.4696 56.0588
-23.0201 47.7509
-9.92443 43.6252
2.08677 45.4763
14.4705 44.1835
28.3167 47.3054
41.4321 54.8483
27.8398 61.6455
15.8137 63.8061
0.224276 64.9532
-13.0734 64.1184
-25.4997 61.3368
-15.5245 55.6047
1.61732 56.926
18.8647 56.2398
19.1688 52.4026
1.69397 52.3723
-14.5523 51.9356
1.38565 55.0408
0 0
