-92.0162 -36.7404
-93.5168 -3.79465
-88.2632 23.9976
-78.6402 55.3432
-68.1606 76.5213
-55.2571 97.206
-31.9709 117.77
8.70326 126.69
48.1605 117.504
75.8672 97.6628
88.1394 76.7772
99.3638 53.1166
105.035 21.1786
107.44 -7.54639
106.374 -36.4365
93.6928 -53.3304
69.0924 -73.7532
42.2157 -74.0931
25.7182 -61.9603
49.8574 -64.2903
69.086 -61.973
-82.2404 -57.2445
-65.505 -73.5261
-40.7501 -73.8758
-22.7778 -60.8356
-46.3168 -63.9868
-64.8731 -62.7037
-63.7387 -34.8896
-44.7102 -43.0949
-24.0555 -36.9943
-45.1967 -31.9673
-45.0494 -37.3586
70.4376 -35.6452
49.7246 -44.2261
27.6653 -38.0146
48.7968 -32.557
49.2171 -38.2538
-9.52864 -38.8833
-14.7923 -14.5139
-26.2544 8.09937
-18.1813 22.1765
3.5877 23.6935
27.1673 22.1649
33.28 7.98816
20.5745 -13.2733
15.7793 -38.9686
-10.6758 15.7181
19.0806 15.3426
-37.8509 56.1206
-22.4197 49.3514
-10.9426 46.269
0.677218 47.845
12.8849 46.8159
27.1351 49.0311
43.8015 54.1054
29.3445 63.3794
16.6848 66.769
0.788131 68.5586
-12.756 67.3028
-23.5077 63.1072
-15.0517 58.4105
2.25002 59.2189
19.2358 58.7556
18.8535 53.9256
1.04879 54.6184
-15.5122 54.3339
1.79156 57.0445
0 0
