-89.2956 -44.996
-91.4565 -7.52716
-88.9834 20.4734
-81.8904 50.9755
-70.9076 73.4291
-55.8727 93.2963
-32.9733 112.855
3.28421 121.934
41.5416 115.189
70.9477 97.1012
88.0174 77.2826
100.223 52.5566
106.157 20.6049
109.074 -9.20066
108.102 -40.2114
92.7081 -58.2749
71.8122 -76.7419
46.3826 -78.411
33.035 -66.6959
52.3719 -66.5885
70.6361 -64.5399
-75.4342 -60.1417
-58.5748 -77.7951
-33.0316 -79.0661
-16.6302 -66.7319
-38.9775 -68.173
-56.9736 -66.0914
-58.4367 -38.4121
-38.1895 -45.2403
-17.1592 -40.2699
-38.3716 -35.9653
-37.7765 -40.1899
77.8693 -37.0995
56.3912 -45.8163
32.8056 -40.0181
55.4774 -35.0936
55.5185 -40.1209
-6.53228 -43.3651
-12.8422 -18.4321
-26.1952 6.02855
-19.0106 17.0177
3.04406 20.3893
27.9403 17.1918
33.9278 7.77792
22.3941 -16.2157
19.9273 -42.7109
-11.8734 11.2953
18.3043 12.3781
-40.7087 52.5358
-21.3146 45.8558
-6.93423 42.1277
4.79696 44.0827
16.5855 42.9424
32.0244 45.5805
49.3415 51.3227
33.3992 59.7286
19.9047 62.3036
3.25976 62.9427
-12.6066 61.793
-26.1858 58.5715
-15.7853 53.5299
4.86071 55.1443
23.2773 54.5588
23.9598 52.0006
4.5105 51.752
-14.6991 51.4143
4.60891 53.9083
0 0
