-99.8772 -42.2765
-99.5122 -6.63251
-94.7124 21.5408
-85.0653 52.1025
-70.6059 75.2824
-53.1204 95.2358
-28.1074 112.208
7.14592 119.044
43.1379 110.945
70.3397 90.7404
82.8334 71.9831
94.8989 46.1753
99.5311 13.4261
101.161 -15.5234
98.1176 -45.1338
85.7027 -63.3859
64.0134 -81.4954
36.9096 -81.1073
23.8395 -68.3737
44.1287 -69.2457
62.9992 -68.5797
-86.1791 -56.3296
-67.7088 -78.1454
-38.4784 -79.8217
-22.1319 -67.4168
-46.3656 -68.2896
-65.8427 -65.0929
-63.8037 -38.3127
-44.3709 -45.4298
-23.6712 -41.4496
-44.266 -36.183
-43.8939 -40.5839
72.3808 -41.9596
52.192 -49.4758
29.9884 -42.9692
52.1671 -39.1145
51.788 -43.86
-11.326 -44.1579
-15.3643 -20.5933
-26.6806 4.12291
-19.8252 17.9912
3.63913 21.1296
28.5894 16.7087
32.2321 3.55306
19.0088 -20.3786
14.288 -44.7164
-11.9744 12.6871
18.5951 12.4589
-38.6968 51.7293
-18.8643 46.4313
-5.16824 42.7857
7.52283 44.298
19.6968 42.5762
34.6518 43.7163
50.0527 47.0818
35.1105 56.9499
22.1592 59.4296
6.05399 60.9511
-9.21119 60.2963
-22.9196 58.0784
-12.9994 52.7139
7.26161 53.7652
25.5925 52.2122
26.441 50.1413
7.37985 50.7223
-11.195 51.1561
7.11516 52.6122
0 0
