-80.8509 -36.8558
-85.491 -2.94176
-82.7193 23.7987
-76.3224 53.2068
-68.0156 75.6564
-53.4358 97.4556
-30.0006 116.848
5.98743 124.825
46.739 117.432
77.3019 99.5066
96.0762 77.0812
108.011 52.3219
113.091 21.3168
115.219 -6.99288
113.361 -33.732
98.3697 -53.7941
74.261 -74.271
46.6911 -75.5063
32.34 -63.4617
54.0442 -64.4618
73.8383 -62.0738
-72.0765 -55.4659
-56.7285 -74.0061
-29.805 -75.8555
-13.2489 -62.146
-36.4284 -64.8285
-55.2473 -62.8883
-56.8912 -34.9006
-36.2639 -41.8803
-15.6177 -37.174
-36.4634 -32.9375
-35.5202 -36.6456
79.7669 -33.6786
60.109 -41.6773
36.6298 -36.834
58.7514 -31.8159
59.4919 -36.2477
-3.86216 -38.7066
-10.3199 -15.8226
-22.855 7.89681
-15.6115 17.1008
4.33631 20.0145
29.8417 17.7085
35.5761 8.269
24.6841 -13.608
22.0252 -38.244
-9.57513 12.0352
19.8205 12.3517
-38.3336 54.2587
-20.1854 46.5637
-7.83796 42.8817
3.97483 44.8885
16.695 43.6963
32.4436 46.6685
51.7156 53.8697
35.688 61.3149
21.5832 63.7829
3.44315 64.6786
-10.9247 63.6342
-23.517 60.4229
-14.9669 54.7808
4.16352 55.8087
23.1916 55.845
23.7307 53.2722
3.86176 53.1854
-14.1988 52.7647
4.10831 54.4492
0 0
