-91.7982 -35.8194
-94.2587 0.814932
-89.8999 29.6256
-82.3655 56.1975
-69.7776 80.0796
-53.325 99.2885
-29.8006 116.097
6.10459 121.844
41.4583 115.459
66.0812 100.72
86.8818 76.7369
97.729 50.9637
102.692 22.7868
105.809 -6.78281
103.35 -39.9082
90.7502 -54.2223
69.9753 -77.3344
39.9438 -78.1574
24.4468 -64.3802
46.4342 -66.2224
66.5654 -63.9177
-84.454 -50.0701
-66.63 -74.0692
-37.01 -75.7425
-21.4575 -63.1089
-43.7898 -63.7017
-63.4766 -60.7718
-60.312 -33.9795
-39.6502 -40.7197
-21.0487 -36.3484
-39.9707 -31.5425
-39.1618 -35.9347
69.9104 -36.2653
51.3081 -43.6983
29.8411 -38.0772
50.759 -33.9769
50.6752 -38.8249
-10.2339 -39.8584
-14.0978 -15.4313
-25.5025 8.22754
-19.1846 19.486
3.04405 22.1333
26.5361 18.3978
31.4509 7.72311
20.1377 -14.6044
16.0084 -40.2219
-10.9639 13.4711
16.1981 13.6568
-35.4327 56.5979
-22.1675 46.3822
-9.4443 42.0218
1.63377 44.329
12.4476 42.2953
26.6771 45.6441
41.1434 56.1351
28.0213 61.5627
16.2561 63.9313
1.21192 65.2731
-12.1189 63.7039
-23.9799 61.2931
-15.5434 54.3108
2.19611 55.4922
18.8953 54.8051
19.0821 51.559
2.03232 51.1872
-15.6155 51.4275
2.36202 53.5115
0 0
