-95.3827 -37.9547
-97.2879 -6.1
-93.6922 21.309
-84.905 53.3509
-73.1754 76.6054
-54.9316 97.6005
-29.13 114.845
8.09429 121.197
42.4104 114.148
68.5581 97.708
85.7424 74.3174
95.738 48.8839
100.584 16.456
103.06 -12.5618
100.692 -40.6518
87.5851 -60.2402
67.2359 -78.8361
42.0145 -79.3326
27.5005 -67.4937
48.4014 -68.8565
66.1804 -66.9738
-83.0967 -57.7238
-64.9387 -76.3689
-39.515 -77.8703
-22.895 -65.7673
-44.602 -67.0339
-63.8386 -64.7329
-63.568 -37.893
-43.5467 -44.9724
-24.0317 -40.3122
-43.4423 -34.3884
-43.5813 -39.3451
66.8684 -40.5342
48.4743 -48.1499
29.2441 -41.5702
48.4025 -36.8083
48.991 -42.3987
-12.4104 -41.9404
-16.8065 -18.4533
-28.099 6.14185
-23.5242 20.0205
1.85249 22.6283
27.035 19.7866
30.8029 5.92015
19.528 -17.9415
14.9532 -42.2313
-12.8102 13.6973
17.4071 13.5262
-40.1407 53.6825
-22.0845 47.3376
-8.6572 43.6491
2.49453 45.4016
13.4053 44.2162
28.4557 46.9904
44.2146 53.0622
30.2303 60.6613
18.3213 63.6972
2.47377 65.1424
-12.9219 63.6988
-24.8186 59.9395
-14.8894 54.6443
3.4773 56.0955
19.5486 55.2761
20.0523 51.8831
3.21123 51.9653
-13.8285 51.5448
2.88888 54.4485
0 0
