-97.0005 -39.5948
-98.6154 -4.85746
-94.1316 24.1181
-84.9515 54.6571
-74.0529 76.3757
-55.3544 98.1204
-29.34 115.003
7.65781 121.262
43.0238 113.135
70.1158 94.373
86.4483 69.8446
96.3804 47.0657
100.594 14.9512
102.196 -13.6699
96.5274 -42.7849
84.6371 -63.3255
63.6915 -79.4895
39.3266 -79.4359
25.431 -66.9325
45.6968 -69.6284
62.762 -68.506
-84.3579 -60.3605
-68.5645 -78.3318
-42.7013 -78.8085
-28.0714 -66.574
-51.5318 -68.9256
-68.7589 -67.6421
-66.8056 -38.2323
-48.6742 -46.805
-29.8841 -40.6385
-48.4072 -35.9852
-47.8635 -40.8665
70.172 -40.5557
52.9545 -47.9502
31.9497 -41.0278
52.5266 -37.2537
52.2051 -42.3477
-11.7744 -41.9333
-15.284 -18.6876
-25.8866 6.84755
-18.1613 18.7636
3.14226 20.3077
27.3097 18.264
32.0782 5.69315
18.6971 -18.066
14.3085 -42.3266
-10.9895 13.1326
18.0648 12.2598
-37.7872 55.3868
-19.633 47.3379
-6.74154 43.1044
4.98829 44.8725
17.0235 42.9901
31.6846 45.471
47.1153 51.7668
35.1593 59.9488
22.9239 64.0247
4.44036 66.2226
-10.7048 65.5573
-23.8928 61.6489
-14.6234 56.2094
4.54888 57.1354
23.4872 55.9014
22.7822 51.7078
4.30141 52.4747
-13.5973 52.6327
4.0846 54.0929
0 0
