-97.0415 -36.6018
-96.7731 -3.73761
-92.7134 24.6251
-83.6762 56.1813
-70.1335 78.6623
-53.4968 98.2716
-28.6917 115.537
5.43637 122.129
41.1223 114.687
68.8397 96.3227
83.8516 74.8724
94.8419 52.7893
100.774 20.5786
103.946 -9.401
103.378 -39.8199
88.0979 -57.1337
66.7642 -78.3832
39.4363 -78.5635
23.1329 -65.1014
45.181 -66.9146
64.8574 -65.3028
-83.3871 -55.1998
-64.2717 -75.9221
-36.6139 -76.5895
-22.5069 -63.6792
-45.4579 -65.7753
-63.4624 -63.7783
-61.1606 -35.4693
-42.5018 -42.1287
-22.1276 -38.1505
-42.8513 -31.6237
-42.5955 -36.6448
68.0291 -37.7425
48.5367 -44.9531
27.6644 -39.8039
48.3835 -33.8037
48.6104 -39.2606
-12.1475 -40.348
-16.6464 -16.3999
-27.9081 6.48393
-22.5366 20.0128
1.21583 22.1121
24.3109 19.3525
29.8398 6.78844
18.257 -16.3896
13.8467 -40.7702
-13.2485 13.7475
15.5636 13.8871
-40.1417 54.0229
-21.9996 47.7999
-10.109 44.6323
0.508451 46.7394
11.2513 44.9893
25.1664 46.974
42.1847 52.1672
27.8193 61.2347
15.4166 64.8935
1.49733 66.1236
-12.9028 65.1893
-25.6165 61.7522
-14.9251 56.3343
2.1986 57.8417
17.8225 56.6395
18.1843 52.3565
1.9264 52.7316
-14.5412 52.5059
2.18885 55.3656
0 0
