-94.0768 -35.9424
-95.1961 -1.98388
-89.234 27.3898
-79.2965 58.9895
-66.7242 79.1021
-49.8498 98.7495
-26.3385 115.956
8.60135 121.751
42.5245 113.889
68.0294 96.6559
85.2681 73.7378
97.0488 49.9115
102.775 17.2971
105.485 -12.5449
104.069 -41.0693
89.1364 -59.5429
67.3466 -79.0742
41.261 -78.6868
26.0532 -65.2919
47.548 -68.0164
65.994 -66.5557
-80.463 -56.1172
-63.984 -75.2501
-38.5939 -76.4782
-22.2743 -63.5956
-45.1697 -65.5218
-63.2894 -63.8052
-60.3065 -35.7402
-41.0917 -42.1615
-23.047 -38.7501
-41.539 -33.197
-40.5817 -37.007
68.84 -38.8365
50.9218 -44.6629
31.1542 -40.2271
50.6342 -35.4361
50.9071 -40.013
-9.99326 -40.1541
-14.0915 -16.8074
-24.5375 8.01653
-17.4069 19.9851
4.19714 21.7155
28.3731 19.0657
33.0778 6.66665
20.8544 -16.1039
16.4803 -40.7102
-9.36765 14.6727
18.3454 14.012
-34.2986 57.0142
-18.6787 49.7764
-7.63047 46.0492
3.41284 47.8347
14.5652 46.1781
28.2166 48.5303
44.6091 53.9305
32.1531 61.8878
20.2457 65.869
4.23646 67.9448
-9.81775 66.6605
-21.6111 63.1294
-12.6506 57.2157
4.18625 57.9659
19.802 57.1975
19.8461 54.3526
3.68344 55.1602
-12.5423 55.1335
3.93254 56.1741
0 0
