-94.6976 -36.1474
-95.8344 -4.09964
-92.8769 24.1481
-84.9289 55.4797
-72.8026 78.6497
-54.9855 98.6641
-30.0721 115.098
4.05661 122.189
39.7079 115.629
67.462 100.284
88.3765 74.7825
97.1087 51.7033
102.421 20.3166
105.217 -8.72332
103.532 -37.6151
87.5362 -57.0228
69.287 -76.4443
46.5689 -77.9654
30.7217 -65.162
51.0501 -66.9577
67.4195 -63.9915
-80.7287 -56.232
-62.9375 -75.1228
-39.5021 -76.2846
-23.9069 -63.5852
-45.511 -65.6567
-61.9634 -63.6834
-62.7724 -36.2532
-42.9848 -42.8965
-22.7548 -38.4586
-43.1538 -33.0933
-42.6862 -37.5936
73.0915 -37.8144
53.1058 -45.0344
31.6835 -39.4613
53.0553 -34.5816
53.2758 -39.7658
-11.5574 -39.9395
-16.2662 -16.7725
-28.5268 6.95926
-22.0023 18.8815
1.62494 21.5053
25.6507 18.6201
32.1674 8.18179
20.2895 -16.1323
16.2894 -39.9661
-12.8513 13.1458
16.4556 13.707
-39.4257 56.5305
-22.5784 49.1396
-9.96115 45.3674
0.928704 47.3623
11.745 45.9973
25.783 48.5012
43.3042 55.3844
27.5781 63.261
14.6783 66.2015
0.0314152 66.3878
-14.5296 65.3421
-26.4326 62.1982
-16.4165 56.8001
1.93334 58.6932
18.0078 57.8944
18.2035 53.7941
2.14765 54.0456
-15.4493 53.0934
2.25514 56.5599
0 0
