-89.9572 -46.0494
-94.4261 -10.0181
-91.77 18.4204
-85.0993 49.1778
-73.6176 72.8598
-57.6511 93.5622
-34.5926 111.659
2.07485 120.947
40.7359 112.83
66.3834 96.1256
83.6853 76.8569
97.5598 51.2425
103 20.2147
105.616 -8.27921
104.453 -38.2593
91.2973 -58.1761
71.1314 -76.9806
45.6785 -78.3606
32.0298 -66.8629
51.4429 -66.8948
69.4968 -64.9262
-75.0639 -60.335
-58.5186 -78.306
-33.3615 -79.6429
-16.5625 -66.9268
-38.5604 -68.6523
-57.4937 -66.8542
-58.4502 -38.4774
-37.6299 -45.9065
-16.7627 -39.5568
-38.0489 -35.5757
-37.2798 -40.2769
75.9435 -36.586
55.8158 -45.3054
33.3464 -38.7029
55.4054 -34.2876
55.2312 -39.4784
-5.2389 -43.7319
-11.6253 -19.6761
-24.8577 4.33786
-17.8174 17.7871
3.69877 21.1663
28.4445 19.355
34.0625 6.55259
22.4069 -17.3302
19.2072 -43.0051
-10.5596 12.5412
19.1662 13.7371
-41.6864 49.8742
-22.2901 44.0884
-8.40632 40.5699
4.63431 42.5971
17.5602 41.4969
33.366 44.2838
51.3517 49.4693
34.1003 59.6928
20.7436 62.311
3.37505 63.0352
-12.4873 61.5598
-25.7181 58.1089
-16.6838 52.5813
4.34895 54.0857
23.2853 53.6546
24.3579 50.8898
4.41211 50.1745
-14.6298 49.8661
4.246 52.6258
0 0
