-90.1561 -40.1962
-92.3513 -4.39585
-89.0115 23.4475
-80.662 55.2094
-69.5766 76.6172
-55.7376 96.4334
-33.1118 116.281
3.14237 125.487
44.0729 117.529
72.8294 97.7163
86.9939 78.3683
100.099 54.7429
105.615 22.1955
108.147 -7.89095
107.561 -38.2432
92.0865 -54.7035
69.1107 -74.5186
43.1273 -75.302
27.6666 -63.1032
49.0616 -63.5486
68.4438 -61.6544
-78.4782 -53.8062
-60.4332 -72.3079
-34.9301 -74.0305
-18.6302 -60.6931
-41.7993 -63.2775
-60.0249 -60.6105
-60.084 -33.9668
-40.6222 -41.7289
-18.6574 -36.8139
-40.9268 -31.8078
-40.4796 -36.6733
75.5577 -35.4483
54.6583 -43.8892
31.713 -38.3894
53.7006 -32.9833
54.0613 -38.2569
-8.87042 -41.1083
-14.9496 -15.684
-26.9798 7.27725
-19.9726 19.3923
2.49149 22.0184
27.4694 19.2545
34.0867 7.88263
21.9887 -14.4486
17.7838 -40.9819
-11.8013 13.6686
18.0635 13.7883
-43.9168 52.6826
-22.4873 48.0297
-9.16752 45.4959
2.13312 47.0824
14.8671 45.8935
30.4199 47.1284
51.8617 49.5911
32.9282 60.0395
19.4155 63.1745
3.19533 64.1586
-12.8183 63.5141
-26.5814 60.2025
-15.1562 56.5252
4.01891 57.3765
21.2124 56.3004
21.521 52.7058
3.41458 53.4835
-14.5343 53.0749
3.72885 55.8078
0 0
