-93.621 -35.9533
-94.7216 -2.65109
-91.0455 25.4789
-82.8176 57.0038
-72.2642 78.7619
-57.481 99.5309
-34.2629 117.634
2.82048 126.316
41.5967 119.185
69.3887 100.273
82.4929 80.3175
95.4038 57.5519
102.021 26.867
105.508 -2.70834
104.549 -33.8171
89.7825 -54.7451
69.6415 -73.4409
45.665 -74.4329
28.3665 -62.8907
50.183 -63.7776
68.1786 -61.1143
-81.718 -56.8217
-63.7995 -72.9011
-41.7226 -73.2882
-25.9757 -61.1236
-46.5323 -63.0293
-64.2819 -61.453
-62.2875 -34.2448
-45.2043 -41.2445
-27.5393 -36.5505
-45.8953 -32.0152
-45.3063 -36.3743
69.545 -35.1252
51.9 -42.5653
32.4991 -37.3772
50.4198 -32.7056
51.0057 -37.452
-11.967 -37.9069
-17.6143 -14.1394
-29.6812 8.06201
-23.8348 22.8159
0.80862 24.9285
25.8919 23.8939
33.5051 9.59366
20.5096 -12.9553
15.942 -37.6208
-13.2229 16.6372
17.4533 16.6407
-40.8166 57.2854
-24.6827 51.0349
-12.6675 47.8747
-1.0014 49.5598
11.7788 48.8327
26.5015 51.8603
40.8787 57.2743
27.0097 65.5291
15.2916 68.7722
-0.425557 69.5617
-14.2132 68.6695
-26.1111 64.6474
-15.9549 60.0049
0.849732 61.2315
17.2934 60.6189
17.1697 56.2525
0.290243 56.2813
-15.6038 55.5686
0.25581 59.0727
0 0
