-103.281 -42.9614
-103.87 -5.92113
-99.829 22.6601
-90.4271 52.424
-76.9232 75.4209
-58.5725 95.4139
-33.5431 112.581
4.88038 119.174
41.1692 111.442
66.3251 93.4291
82.7664 69.5154
90.6163 47.6791
94.4097 14.6747
96.2337 -15.6805
90.5561 -47.0361
80.3512 -62.3332
61.0675 -80.2221
33.7012 -80.851
20.617 -69.1252
39.7991 -69.2614
58.8411 -68.0184
-92.0768 -56.1315
-72.9791 -78.253
-41.7886 -80.434
-27.6519 -68.7771
-52.4443 -69.701
-71.4446 -66.0219
-67.9099 -39.7397
-47.637 -47.8906
-26.7377 -42.661
-47.4195 -37.0856
-47.3943 -42.3851
67.6629 -41.739
48.9284 -50.7584
25.988 -43.4586
48.6365 -38.9973
48.1492 -44.7421
-15.7497 -46.0663
-19.0926 -19.7954
-29.827 5.01021
-23.1917 17.7407
1.23607 19.8302
25.1758 15.9167
28.205 4.41942
16.4974 -20.012
10.8946 -46.7336
-14.3934 10.7087
15.5067 11.0107
-44.2045 53.4108
-23.5002 46.0544
-8.88646 42.1919
3.46723 44.0133
14.7603 42.1944
29.6477 44.1885
44.2779 51.188
30.8801 58.2745
18.2935 61.8011
2.54956 62.5478
-14.7366 62.0161
-29.0098 58.989
-16.6341 52.6679
4.07377 53.8525
21.4745 52.6128
22.0921 50.9439
3.99206 50.9688
-15.7885 51.0954
3.66607 52.8334
0 0
