-97.9897 -40.863
-97.5825 -6.08403
-93.669 23.3112
-84.7501 55.1432
-73.1547 77.9221
-54.6744 98.8203
-29.5071 114.874
6.32549 121.155
40.4311 115.269
68.9323 97.7552
83.9328 75.0224
94.8545 50.402
100.527 17.2808
102.572 -11.9723
97.173 -42.9915
83.1029 -65.4497
64.7254 -79.784
41.6895 -79.2406
28.5536 -67.3106
47.904 -69.9005
63.677 -69.1912
-83.2319 -62.2702
-66.1597 -78.3077
-43.1912 -77.8322
-28.5103 -66.5146
-49.1934 -68.2869
-66.1423 -67.3692
-64.6569 -39.2864
-47.6309 -46.4684
-30.6492 -41.262
-47.9393 -37.0065
-47.4607 -41.2818
68.3497 -41.6121
51.3743 -49.1554
33.0967 -42.1222
50.7647 -38.625
51.0606 -43.7066
-13.0793 -42.0266
-17.0775 -18.5482
-28.0192 6.75526
-21.862 19.6124
1.73472 22.0193
26.3149 19.3801
31.2516 6.85908
18.5553 -17.9255
14.2255 -42.2968
-12.5032 13.4877
16.6707 13.3568
-38.8119 55.6869
-21.6493 48.6405
-8.11618 45.0332
3.48475 46.712
15.0942 45.4043
30.01 48.4735
42.0692 55.4624
30.8447 61.4902
19.6169 64.3761
2.51251 65.3146
-12.6022 64.5367
-25.2055 60.6228
-15.606 55.5071
4.07083 56.7218
21.7529 56.182
21.5765 53.4397
3.79988 53.8548
-14.821 53.4328
3.2748 55.0582
0 0
