-95.2577 -39.8766
-96.1796 -4.28419
-92.3355 24.1334
-84.1791 54.3263
-73.0066 76.201
-57.0173 96.8244
-32.142 114.353
5.28502 122.281
41.4446 114.384
66.7842 98.0115
85.6953 74.7183
96.6303 51.7579
101.875 19.6422
104.736 -9.47029
102.21 -40.7584
88.8718 -58.5615
69.9131 -77.2014
45.7796 -78.5224
30.7564 -66.1094
49.6658 -67.7432
66.6245 -65.4619
-82.9252 -57.2347
-64.32 -76.6188
-38.1802 -77.1944
-24.6169 -65.4611
-46.4468 -67.2615
-63.4737 -65.2323
-61.6989 -37.0571
-41.9466 -45.2762
-21.3975 -38.9403
-42.2318 -33.8994
-41.7626 -39.3815
74.6897 -38.4233
54.3869 -46.9784
32.0352 -39.7023
54.1322 -35.4497
54.051 -41.092
-9.58348 -42.2503
-14.1248 -18.2882
-25.6575 4.86474
-18.5372 19.5775
2.95594 21.902
25.8862 19.4332
32.0414 5.82766
19.9956 -17.2368
16.586 -42.3139
-11.2616 13.2897
17.3925 13.6613
-37.695 55.1212
-21.3369 47.0797
-7.95413 43.3851
3.85477 45.4089
15.4392 44.025
29.7442 46.8126
44.7599 54.5996
29.9998 62.1223
17.361 64.6628
2.11435 64.8387
-11.8223 63.8522
-23.7487 61.0905
-14.4364 54.4752
3.75896 55.7679
20.2906 55.5371
20.9868 52.8072
4.12579 52.536
-13.2928 51.6566
4.10781 54.8381
0 0
