-97.4301 -41.8649
-98.4152 -8.03178
-95.204 19.7994
-86.9499 51.9395
-74.5079 74.2104
-56.9427 95.1124
-29.8217 112.533
5.71382 119.309
41.7556 111.575
70.0128 93.3864
84.3282 72.9705
95.8236 48.5737
100.13 16.1212
101.912 -12.8458
99.4447 -43.9807
86.7687 -62.9895
65.6984 -81.0432
40.4703 -80.4743
25.207 -67.0739
46.4631 -69.8132
64.6732 -68.8932
-84.2935 -58.7366
-65.2127 -77.8979
-37.922 -78.3785
-23.7464 -65.3356
-46.4784 -68.1109
-64.799 -66.4608
-65.0041 -38.6112
-45.4756 -46.9473
-23.3153 -41.3707
-45.4938 -35.1584
-45.3053 -40.8833
73.0326 -42.1889
52.0847 -50.1241
30.0327 -43.1761
52.3441 -37.8853
52.3831 -43.7831
-12.4132 -43.953
-16.181 -20.4734
-28.2286 3.63266
-23.5497 16.6012
1.83394 19.3979
27.4599 15.8498
30.9552 3.5643
18.4584 -20.1799
14.3095 -44.2466
-13.0895 11.9415
17.0162 11.8241
-44.5729 50.4714
-21.5662 46.1275
-7.43704 43.5891
3.48163 45.4003
15.0679 43.7062
30.6702 44.6106
50.8209 46.3426
32.6406 57.8184
18.954 61.4453
3.30866 62.0755
-12.3513 61.7354
-26.1085 58.2227
-14.9815 53.7162
4.17603 54.9717
21.2919 53.5579
21.7992 50.134
4.30068 51.27
-13.2183 50.4785
4.19992 53.2778
0 0
