-95.2249 -36.3286
-97.8256 -2.52087
-93.435 25.7234
-84.9364 55.7859
-73.045 78.6326
-55.4318 99.7279
-30.7012 116.284
6.983 122.86
43.4427 114.842
69.1451 96.9711
85.8103 73.4547
96.3868 49.3284
100.933 17.8363
102.2 -11.3494
97.4686 -39.7368
84.0307 -58.424
64.5976 -76.2167
40.5805 -77.2841
26.2937 -66.239
45.4442 -66.6461
62.7997 -64.2946
-82.312 -55.0642
-66.4657 -73.8212
-41.2254 -75.9873
-25.7779 -64.8608
-47.2039 -65.3663
-65.1144 -62.4512
-62.1755 -35.9019
-43.7485 -42.9872
-25.8333 -38.7741
-44.0113 -34.3251
-43.0517 -37.975
68.2536 -37.7169
51.4284 -44.7931
30.6512 -39.3809
50.3912 -35.5543
50.5072 -39.9458
-11.6519 -40.6091
-16.1356 -16.8967
-26.5894 6.3267
-19.1746 19.6493
3.16326 21.6699
27.66 19.1099
32.2485 5.6484
20.0611 -16.5533
14.7942 -41.0939
-11.0545 13.7193
18.4862 13.4466
-37.8617 55.6579
-21.8445 48.1387
-9.37529 44.6615
2.99904 46.3651
14.5937 44.9636
29.3234 47.4223
43.4573 54.202
31.5037 62.0367
19.1385 65.6728
2.35352 66.6354
-12.3341 65.7617
-24.2766 62.3172
-15.5292 55.7441
3.49855 56.6114
21.2508 55.9741
21.3635 53.8996
3.21212 54.2379
-15.1253 53.9836
3.188 55.4693
0 0
