-98.1598 -39.3823
-99.9686 -4.34053
-97.1713 23.9237
-88.9574 55.9255
-76.7459 78.463
-57.6445 99.3119
-29.9225 115.283
6.05668 121.084
41.038 113.933
69.1918 94.4248
83.9492 72.7738
94.7829 50.2112
99.077 19.5478
101.068 -10.7862
97.3793 -41.8738
82.9695 -60.6582
63.9648 -78.2504
40.5765 -79.756
26.0086 -68.4019
44.9009 -68.2869
62.2977 -65.9745
-81.3446 -57.9069
-64.9039 -75.9673
-40.7093 -77.8998
-26.9551 -66.9453
-47.3913 -67.0844
-64.6493 -64.3785
-62.1169 -36.7684
-45.3812 -44.0237
-27.4837 -39.8114
-45.3061 -34.4459
-44.8716 -38.7618
64.2305 -39.1374
48.0155 -46.0711
28.9832 -40.491
47.3482 -35.972
47.2072 -40.9079
-13.6725 -41.5136
-17.9074 -17.6512
-29.5983 6.3347
-24.8924 18.2935
0.758612 20.7558
26.2499 17.95
31.044 6.02294
18.6995 -17.201
14.3135 -41.6865
-13.7909 12.7358
16.9836 12.3802
-42.0269 54.0452
-22.565 47.295
-8.98604 43.3662
1.90759 45.2384
12.5966 43.8193
28.0659 46.4955
43.8718 51.5456
31.2483 60.1508
18.8979 64.2055
2.41481 65.4788
-12.5427 65.1419
-26.278 61.4772
-15.7687 55.8988
2.21306 56.9458
19.9336 55.5998
19.9549 52.3753
2.10582 52.6964
-14.7586 52.7311
1.65679 54.6543
0 0
