-99.7486 -41.9966
-101.711 -5.70244
-96.8584 23.9229
-87.6388 53.2916
-74.2734 75.5764
-57.6564 95.8395
-32.3243 112.457
6.50899 118.967
40.6303 111.25
64.7565 93.9342
80.4753 73.3225
93.2431 47.9697
97.2851 18.8421
98.755 -10.6327
93.1912 -44.252
79.7006 -61.203
61.3147 -80.3582
35.337 -81.1269
21.9153 -68.8884
40.9052 -70.0446
58.7311 -68.2509
-84.5492 -57.2154
-68.5355 -76.7692
-42.9786 -78.741
-28.0785 -67.2071
-48.6296 -67.9849
-67.0903 -64.874
-62.9165 -36.9122
-45.3522 -45.6941
-26.9877 -39.0883
-45.7104 -35.0111
-45.3147 -40.1134
62.3316 -40.5126
45.4323 -48.6329
25.9108 -40.5306
45.3259 -37.346
44.7004 -42.9789
-13.6053 -43.9322
-17.2381 -18.7667
-28.7511 5.65454
-22.3653 18.5759
2.92401 21.2617
28.3617 18.0875
31.6718 5.01191
18.544 -18.3059
12.5882 -44.4364
-11.0505 13.2675
17.8314 13.299
-42.4373 52.9278
-24.8487 46.048
-10.3568 42.8234
2.31038 44.6366
13.5203 42.9466
29.4125 45.2501
43.6306 50.8441
30.475 59.3252
18.1979 62.7773
1.95787 63.7252
-14.1203 62.8517
-26.8523 59.3983
-17.8694 53.3062
2.75418 54.0223
21.1077 53.2586
21.7075 51.9374
2.14312 52.0892
-17.3458 52.197
2.12777 53.3563
0 0
