-94.2881 -32.3728
-95.5405 -0.0144103
-91.2265 28.5073
-82.7024 58.6963
-70.1702 80.7288
-53.5991 100.67
-29.7973 117.161
4.05617 124.099
41.5831 116.015
66.9173 100.324
86.5813 75.6791
97.3578 54.2674
102.649 23.3772
105.645 -5.28728
104.541 -34.7006
91.497 -53.5109
70.8617 -75.6757
43.1997 -76.255
25.3874 -62.2501
47.9631 -64.8869
67.3394 -62.5455
-84.5328 -50.3594
-65.1049 -72.79
-36.5246 -73.7245
-22.2267 -60.1073
-46.1505 -62.9347
-64.3634 -60.864
-60.8092 -32.5396
-41.2163 -40.4583
-20.4697 -35.1472
-41.5848 -29.2537
-41.0051 -34.6632
74.5741 -35.4695
54.4503 -42.9018
32.5341 -36.7943
54.4799 -31.9244
54.4978 -37.322
-9.9688 -37.4533
-14.2491 -15.0787
-24.9513 7.14382
-18.5898 20.9234
2.76804 23.0512
25.6705 20.8538
32.2462 7.495
20.3215 -14.776
16.2324 -37.8307
-10.3563 15.3793
16.5706 15.3618
-35.0504 58.8871
-20.3314 50.2367
-9.37931 46.3009
2.15458 48.5642
14.2832 46.568
27.9248 49.0846
44.1601 56.5625
29.6721 64.3529
17.2683 67.314
2.5698 68.1788
-10.7836 67.1873
-22.5213 64.8894
-13.5371 58.5557
3.14788 59.9081
18.7719 58.8861
19.2063 54.6756
3.35284 54.7106
-12.4718 54.1758
3.66408 57.5959
0 0
