-92.7155 -40.8445
-94.9176 -4.75868
-91.9918 23.532
-84.9567 54.2059
-73.0963 78.0616
-56.3895 98.3863
-30.4549 114.153
4.58969 120.731
42.9807 113.462
70.8747 96.3351
86.6404 76.6
98.524 52.4737
103.212 21.5115
105.585 -7.86585
103.069 -40.8786
90.7948 -58.3535
70.8367 -78.604
44.4463 -79.724
28.4842 -66.931
49.6355 -68.4283
68.0196 -66.184
-81.7698 -56.7896
-63.8782 -77.1825
-37.3904 -78.0577
-22.7477 -65.8663
-44.447 -67.5336
-62.5191 -65.2433
-60.0099 -36.8256
-41.0633 -45.4293
-20.5875 -38.9513
-41.3258 -33.9199
-40.7149 -39.6455
75.6126 -38.5528
55.4397 -47.5814
33.0513 -39.6748
55.1669 -35.5019
54.7655 -41.1872
-9.92208 -42.1517
-14.1044 -18.7173
-26.8009 5.62313
-21.6356 17.7957
2.22239 20.7617
27.5323 17.9498
32.7151 6.74522
20.3569 -17.6048
17.0654 -42.0168
-12.277 12.4719
17.1403 13.0859
-39.7414 55.7382
-22.8863 47.1469
-9.51199 42.9822
2.09049 45.0198
14.3028 43.492
29.9183 46.4951
45.5252 54.4198
29.8767 62.6387
16.9635 64.8047
1.44932 64.7968
-12.2525 64.2438
-25.1956 61.7605
-15.2723 55.8323
2.53586 57.0096
20.0167 56.2761
20.5414 52.0018
2.74249 51.5074
-14.0993 51.4052
2.87517 54.7306
0 0
