-95.3959 -40.5499
-96.609 -4.2584
-92.66 24.5953
-84.103 55.0053
-72.1928 77.1089
-55.6409 96.4786
-32.3421 113.756
4.62095 121.341
42.6787 113.108
68.1871 96.127
85.907 74.0081
96.3153 50.997
101.272 19.2867
103.905 -10.2172
101.521 -42.062
89.3132 -60.2198
68.916 -78.8854
42.5185 -79.1375
27.4728 -66.4668
48.2745 -68.4791
66.5716 -66.8163
-84.2955 -57.9726
-66.5941 -76.7847
-40.6981 -77.5837
-24.5799 -65.5035
-47.3904 -67.2266
-65.3175 -65.4104
-62.339 -37.0541
-42.3597 -45.311
-21.682 -39.3206
-42.4648 -34.4928
-42.018 -39.7201
74.8063 -39.3302
54.1818 -47.7927
31.4358 -40.3375
53.793 -36.2885
53.4953 -41.8249
-10.4387 -42.3119
-14.727 -17.4154
-26.2989 6.73487
-19.4659 18.9377
2.85828 21.1885
26.3658 18.4063
31.5982 7.10587
19.5698 -16.2972
15.7842 -42.4777
-11.6358 12.936
16.4909 13.2143
-38.3047 55.9608
-22.3795 46.9702
-9.66175 42.7004
2.19414 44.6709
14.4814 43.0402
29.1342 46.0907
44.5429 54.3296
30.479 60.7277
18.4384 63.424
2.5666 64.0348
-12.3162 63.3008
-25.2475 60.6983
-14.4435 55.0677
3.52224 56.0683
20.1176 55.189
20.159 51.6723
3.1239 51.5378
-14.0222 51.4359
3.45941 54.2532
0 0
