-91.2554 -39.9761
-94.958 -5.39298
-92.0769 23.0277
-83.9435 54.7764
-72.2344 76.3937
-56.9579 96.3652
-34.4438 115.625
1.65321 124.245
40.6612 116.259
66.9462 98.5105
85.8098 75.7318
97.3547 53.4882
102.51 21.7289
105.145 -8.61967
104.277 -37.3137
89.0252 -54.5406
67.5892 -75.1062
40.9933 -76.5173
26.2009 -64.6773
46.3338 -64.4202
66.0961 -62.1391
-77.5485 -53.897
-60.0374 -73.1685
-33.0363 -75.9094
-17.3343 -62.458
-40.6349 -64.7492
-59.2457 -61.8646
-59.3863 -35.0991
-39.407 -42.4824
-17.5253 -37.669
-39.6564 -32.4432
-39.1108 -37.0427
71.8259 -35.0619
52.4011 -43.1676
29.8535 -38.2376
51.6141 -32.2317
51.9753 -37.722
-9.15481 -41.6938
-15.3254 -15.7434
-26.7409 7.04672
-20.2856 17.409
2.08871 20.2355
26.4629 17.3987
31.8432 7.37337
21.665 -14.5835
17.4132 -41.5516
-11.448 12.0241
16.8218 12.5091
-44.7393 51.9625
-23.5625 46.5611
-10.6018 44.0337
0.723593 46.0326
12.4254 44.6015
27.5851 46.3305
49.1664 50.1797
32.0817 59.7161
18.436 63.7683
2.15623 64.709
-14.9325 63.6323
-28.6127 59.848
-17.3141 55.5231
2.33331 56.7572
19.3775 55.7695
19.8831 52.8942
1.82883 53.3199
-16.6549 52.7206
2.13527 55.1154
0 0
