-88.7307 -42.2757
-92.1637 -5.08857
-89.1634 23.1455
-82.6751 53.6992
-72.1017 77.4073
-55.7313 98.3797
-30.6377 114.825
5.83113 121.167
44.8584 114.233
73.0073 97.6765
88.9763 78.0157
101.456 53.4787
106.319 21.1448
108.519 -8.92401
104.903 -41.587
91.3369 -58.4942
70.4818 -77.5572
43.8944 -78.9367
29.2045 -67.4737
49.2604 -67.9839
68.3793 -66.2442
-78.0427 -57.934
-61.4347 -77.1574
-33.6051 -78.3877
-20.2732 -66.9589
-42.0649 -68.601
-60.4984 -66.2711
-58.2195 -37.7256
-39.0508 -45.9407
-19.0477 -39.8154
-39.4153 -34.8237
-38.5388 -39.9874
73.5975 -37.3775
54.9527 -46.7123
32.6572 -39.7158
54.2234 -34.7977
54.2729 -40.4249
-8.59336 -43.5711
-13.6083 -19.0553
-25.2164 5.5366
-19.5881 17.0025
2.34539 19.1068
27.2166 17.0647
31.7713 6.25993
21.1034 -17.755
17.532 -43.3435
-11.7909 10.828
17.4402 11.5056
-41.7716 53.5157
-22.5706 45.6796
-8.95464 42.1711
2.38186 44.2275
14.0767 42.722
30.2553 45.8002
46.4118 53.6105
31.2805 61.855
18.078 64.845
1.5909 64.9346
-13.0283 64.1325
-26.034 60.5909
-16.3082 53.891
2.80597 54.7996
20.7577 54.7744
21.5539 52.2923
2.69826 51.7407
-15.8009 51.6572
2.77268 53.4689
0 0
