-90.2766 -34.6811
-94.013 -0.0709935
-90.4492 29.0298
-82.6659 60.7238
-71.5825 82.3297
-55.8294 101.747
-31.6766 119.007
3.50479 125.163
41.167 118.142
66.7035 102.591
84.2316 81.3953
96.4077 58.7049
102.717 26.632
106.287 -3.29853
106.465 -34.761
92.8921 -53.7107
71.6437 -74.9505
44.5037 -75.5037
27.4015 -61.9748
50.2045 -64.4184
69.4378 -62.4774
-79.5576 -52.1859
-60.9309 -72.135
-34.7948 -73.3831
-18.4935 -59.3227
-40.7481 -62.2426
-60.0769 -60.6702
-60.7796 -32.747
-40.0212 -40.4278
-19.3775 -35.1596
-40.5466 -29.2396
-39.6132 -34.5756
74.4165 -33.9095
54.7616 -42.1019
33.1705 -36.2531
54.155 -30.5678
54.9942 -36.2127
-9.7253 -38.2865
-14.4997 -13.9104
-25.8222 10.1069
-19.9523 20.9552
1.69415 22.761
25.5502 21.1206
32.2021 10.5604
21.5248 -12.8129
17.9539 -38.1167
-10.9056 14.7458
15.6445 15.0155
-40.256 58.7383
-23.4748 50.4936
-11.4747 47.192
-1.45424 49.2009
10.5682 47.8401
24.8149 50.8496
43.5876 58.3299
27.2464 65.5712
14.9478 68.1589
-0.0153351 68.5603
-14.4207 67.4805
-26.4744 64.2799
-15.8105 59.5955
0.251122 60.2514
14.7329 60.0665
14.9951 55.3964
0.0722885 55.4982
-15.8518 54.9686
0.559578 57.7608
0 0
