-88.0779 -40.5935
-90.2739 -4.18746
-88.2553 23.8106
-81.9314 54.1811
-71.1837 77.2584
-55.3693 97.0625
-32.9778 115.007
2.20141 123.281
42.5746 116.34
70.0628 100.941
89.8901 78.5052
101.404 57.4237
107.574 24.9619
110.539 -5.59938
109.099 -38.6407
92.8137 -55.9354
72.7146 -75.2362
46.5129 -77.0811
30.2466 -65.6054
50.1043 -65.5397
69.6794 -63.5142
-77.1131 -56.572
-59.3254 -75.0194
-31.8474 -75.9355
-19.109 -64.6426
-40.7805 -66.2013
-58.3229 -64.3727
-57.268 -35.4258
-37.995 -43.6958
-16.2382 -37.4268
-38.3349 -31.8748
-37.7013 -37.4793
77.3182 -35.131
56.2378 -44.4409
32.5218 -37.8409
55.2525 -31.9477
55.4682 -38.0357
-8.26451 -42.1154
-14.4849 -16.2018
-25.7088 5.98375
-19.9389 19.1019
1.1655 20.9309
24.2517 19.3486
31.4542 7.80183
21.1819 -15.244
18.1247 -41.8186
-12.54 12.0319
15.894 13.0011
-41.6223 53.8004
-22.8769 46.0808
-9.3964 43.0971
1.22829 45.5187
12.6228 43.5852
28.1941 46.3345
45.7757 53.5245
30.7704 61.3889
17.6282 65.142
1.82605 65.2286
-14.2057 64.524
-27.5431 61.0062
-16.568 54.8511
2.90821 56.2617
20.2709 55.5828
20.7506 52.8476
2.51723 52.5532
-16.339 51.898
2.92202 54.9026
0 0
