-88.7789 -42.2013
-91.9811 -6.06577
-90.3405 22.7107
-84.4367 52.9131
-74.3341 76.4213
-58.3717 96.4548
-35.4575 115.664
-0.0570563 124.039
38.1638 118.508
67.893 102.624
86.2227 82.0579
98.3434 56.6026
104.724 27.0587
108.562 -2.03414
108.689 -34.9828
94.5068 -56.8432
73.8785 -75.9945
45.8243 -76.7678
30.8615 -63.7014
53.0262 -65.2598
72.5023 -63.6984
-75.5473 -58.9479
-58.1086 -76.4565
-31.8583 -76.6698
-14.6328 -63.2164
-36.8543 -65.1446
-56.4707 -64.7293
-60.2529 -36.9897
-38.6462 -43.0349
-18.4245 -38.3494
-38.9331 -34.3215
-38.2576 -38.0486
77.1043 -35.2083
56.2785 -43.4343
33.5499 -38.3071
55.5089 -33.3783
55.9842 -38.0495
-6.50519 -40.1805
-12.6912 -15.7262
-26.4732 8.919
-19.5019 18.3151
1.62396 21.06
24.8177 19.246
32.1908 11.2835
21.3448 -13.2703
18.9988 -39.2573
-11.9775 12.4281
16.1367 13.6744
-39.4942 55.6157
-23.2065 47.2183
-9.76551 42.7647
1.19807 45.2675
12.6788 43.8711
27.6083 47.8792
43.9547 56.0053
28.4941 62.6531
15.6591 64.9753
0.061576 65.1961
-14.4188 63.7344
-26.9749 60.3165
-17.5502 54.5935
1.50289 56.2139
18.7122 56.1602
19.2018 53.6046
1.35486 53.0232
-16.7879 52.5374
1.49552 54.5489
0 0
