-90.2368 -37.1805
-92.4733 -2.03517
-89.0898 27.0717
-81.5274 57.9277
-70.2785 80.4338
-55.0181 100.014
-32.2603 117.026
1.95061 124.505
40.3971 117.699
68.4959 101.537
88.9548 76.8185
99.7746 54.1325
105.402 22.4677
108.354 -8.06988
106.301 -39.2977
89.9189 -54.0081
69.6488 -75.1632
44.6476 -76.3603
28.0753 -63.5497
49.1259 -65.1356
67.1989 -62.2324
-79.1534 -54.6357
-62.0551 -74.115
-37.7261 -74.9346
-23.5379 -62.2954
-45.3284 -64.6654
-61.3211 -62.4677
-58.5333 -34.6427
-39.9842 -41.8509
-20.638 -36.9085
-40.7158 -32.1015
-39.7149 -36.7839
72.8593 -35.4004
53.6891 -42.9843
31.9497 -37.9953
52.8603 -32.8306
52.8592 -37.9819
-9.6769 -39.9085
-14.8072 -15.3873
-26.5641 7.33578
-19.4754 19.1193
2.41936 21.4919
26.2111 18.7632
32.6071 8.10177
20.8418 -14.2067
16.782 -39.9562
-11.7107 13.4618
16.4742 13.8351
-39.3318 56.3658
-23.0622 48.324
-11.6505 45.0335
-0.890961 47.1195
10.5678 45.5812
24.6169 48.006
42.9696 55.5052
27.2944 62.4635
14.6246 65.3659
-0.518036 65.7377
-14.0667 65.043
-26.2615 62.3008
-15.8033 56.6987
0.812073 57.7713
16.9717 57.1506
16.7984 53.4032
0.436363 53.765
-16.1761 53.1856
0.929756 55.8379
0 0
