-80.1227 -34.1711
-82.8658 -3.50818
-79.9002 22.7608
-73.1934 52.7809
-65.9864 74.4262
-52.7203 97.3449
-29.9365 116.736
4.51453 125.407
46.2116 117.463
76.8887 99.4867
96.6577 75.8089
108.837 54.0321
114.527 21.9347
117.216 -6.04935
115.088 -32.153
98.2506 -53.9134
74.3202 -74.277
46.9163 -75.2741
30.5754 -62.9164
52.7333 -64.4382
73.1296 -62.0524
-74.3231 -55.6927
-57.7851 -73.9837
-29.8616 -74.8599
-16.0739 -60.9087
-39.2511 -64.5888
-57.1635 -63.206
-58.199 -34.7935
-38.4285 -42.3968
-17.5625 -36.9679
-38.6698 -32.2178
-38.0776 -36.75
81.638 -34.4175
61.324 -42.2378
37.6586 -36.7358
60.1369 -31.7367
60.8014 -36.4964
-4.40515 -37.6109
-11.0354 -15.5541
-23.3159 6.60177
-16.0293 18.2873
3.65068 20.8136
28.5941 19.4061
35.9437 7.62463
23.9052 -13.9842
20.7989 -37.3576
-10.4301 12.8465
19.7318 12.954
-37.2013 55.5791
-20.2266 47.177
-9.10274 43.4205
3.42065 45.4916
17.3899 44.3804
32.3159 47.6891
50.2502 55.9535
34.4365 63.4802
19.9405 66.1027
2.2959 66.6915
-10.9425 65.7954
-22.7836 62.6408
-13.5207 56.1949
3.47066 57.3762
22.1233 57.572
23.1592 54.2078
3.60868 53.7049
-12.3547 52.775
3.64587 55.8273
0 0
