-90.7178 -42.3549
-94.3215 -6.06249
-91.7607 22.1235
-84.5022 52.4225
-73.2058 75.5252
-56.1465 95.7289
-30.8282 112.972
6.55065 120.63
45.6145 112.448
73.2282 96.0065
92.6317 73.3186
102.775 47.8523
105.881 17.5479
106.79 -11.3263
103.394 -41.7913
89.6907 -60.4606
68.4239 -79.1422
42.7865 -79.5357
29.2051 -66.8425
49.6304 -68.7707
67.478 -66.9003
-78.9944 -58.6672
-63.0415 -76.8855
-38.3344 -78.5646
-21.3028 -65.5876
-43.5667 -67.6977
-61.464 -65.7055
-62.0101 -36.9683
-41.6561 -45.788
-19.8095 -39.4906
-41.5327 -34.7293
-40.8892 -40.0175
77.6563 -39.1324
56.1677 -47.6374
32.6983 -40.2964
55.9667 -35.8688
55.5472 -41.4688
-8.3517 -42.8421
-12.9253 -18.8099
-26.0122 6.16905
-19.5272 15.8534
3.98591 18.9834
30.0039 15.3056
33.92 6.12343
21.3905 -17.1913
17.9295 -42.7899
-10.9432 11.4226
18.3819 11.6622
-40.611 53.0183
-20.9106 45.52
-7.31146 41.506
4.69734 43.2948
17.1391 41.6409
33.0004 43.9186
53.2546 49.3292
35.5963 57.7015
22.1226 60.2274
4.85249 60.8641
-10.7179 60.5936
-24.4765 58.1668
-14.4673 53.4297
5.40917 54.364
23.9309 53.1991
24.0492 50.0199
5.01859 50.3812
-13.0926 50.2628
5.2595 52.5755
0 0
