-91.936 -35.8507
-94.2725 -4.41782
-90.5739 23.9425
-82.0463 54.8219
-69.9918 78.4206
-54.9281 97.8436
-33.5867 117.082
3.76614 125.578
43.2889 116.75
68.4019 99.9596
88.1429 76.7514
98.5706 52.046
104.185 20.6389
106.942 -8.49022
106.902 -37.4453
91.6359 -53.999
68.5287 -75.0626
41.7048 -75.0325
24.4 -62.4923
47.7221 -64.6304
67.2531 -62.5235
-83.4022 -56.8873
-66.3544 -73.7937
-40.2429 -74.3227
-23.3048 -60.9494
-46.0253 -64.1267
-64.5189 -63.1323
-62.9872 -35.4305
-43.2244 -42.8434
-20.6719 -37.3971
-43.0108 -32.5536
-42.9902 -37.5321
73.0592 -37.0214
50.1963 -44.2443
26.1644 -38.828
49.4701 -33.0534
49.4409 -38.6672
-10.3943 -39.5618
-15.8159 -14.3109
-26.3357 7.5278
-19.7545 17.8967
2.32814 20.4083
25.0449 16.7003
29.7256 6.97118
19.3802 -13.4702
14.8733 -39.827
-12.1989 12.6877
15.0911 12.3089
-38.1865 55.0742
-23.6892 46.0728
-12.5985 43.0452
-2.3718 45.1519
9.17511 43.1279
22.6439 45.2641
41.376 51.9916
26.6474 57.8159
14.9466 61.0153
-0.529597 63.0187
-14.731 61.9276
-25.9959 59.0996
-16.1708 55.0182
0.66004 56.1919
16.8576 54.9008
15.7409 50.2936
-1.06784 51.3531
-17.9105 51.0784
0.412457 54.145
0 0
