-84.0802 -43.4725
-84.9586 -6.75649
-81.676 21.5162
-74.1072 52.3933
-64.3455 73.2029
-52.467 92.8841
-32.4083 113.114
3.7384 123.677
43.5924 116.443
72.0505 98.5508
89.9782 79.3124
103.623 56.4935
110.86 23.8027
114.956 -6.37172
115.177 -36.8534
96.1766 -56.0624
74.8698 -74.7236
50.3129 -76.836
36.2862 -65.5477
55.3053 -65.3333
73.5004 -62.7094
-72.3908 -60.4205
-55.9733 -76.376
-32.1984 -77.365
-17.0623 -64.9907
-38.2539 -67.0741
-54.9191 -65.4129
-56.1601 -37.6606
-36.5854 -44.0541
-16.2739 -39.0958
-37.0256 -35.0673
-36.4025 -39.229
80.0442 -35.2045
58.0998 -43.8855
34.7923 -38.4779
56.9532 -33.4104
57.1479 -38.4583
-4.27567 -42.0494
-11.8032 -16.5642
-24.884 6.53725
-16.4752 18.0818
3.3567 21.0079
27.0505 18.6768
35.33 9.21902
23.7518 -13.9381
21.5837 -41.2124
-11.3008 11.6995
18.6263 12.8884
-37.9403 53.9716
-21.205 46.4415
-8.46566 42.7485
3.81517 44.5685
16.6635 44.0591
30.9331 47.5803
47.1441 55.1855
31.2713 62.6125
17.8546 64.758
1.7594 65.0549
-12.2853 63.6813
-24.583 60.2806
-14.4388 54.7243
4.03312 56.145
21.6308 56.5929
22.7176 53.9993
3.83507 53.0458
-13.8715 52.3058
4.01477 55.3002
0 0
