-102.536 -38.1807
-99.5051 -6.04267
-94.0481 22.1149
-85.1676 51.8075
-71.7906 76.3694
-53.8109 97.5095
-28.3386 111.397
2.74267 116.335
33.7135 108.668
57.3003 91.0765
73.8081 71.2643
84.332 47.8529
90.7162 18.021
95.7208 -10.8156
98.6055 -41.7312
83.3637 -63.5425
62.4188 -84.2552
32.7661 -82.7672
17.2557 -67.2905
38.1612 -69.6467
60.6151 -70.1396
-87.807 -64.6296
-68.4253 -83.4658
-38.7143 -82.3508
-21.5265 -67.1049
-44.6853 -69.5253
-66.3537 -69.8376
-69.6841 -39.0631
-48.9768 -45.6873
-28.1115 -40.2662
-48.8637 -33.6403
-48.7462 -39.3857
65.5227 -41.3108
46.0493 -47.0775
26.3824 -40.9141
46.4666 -35.2076
46.2231 -40.604
-13.5295 -40.8101
-17.2661 -18.1365
-31.9923 7.33672
-26.6479 19.7883
1.13994 22.2754
25.8837 19.6535
30.4636 7.05366
16.7083 -17.8763
12.002 -41.1442
-16.1726 13.6014
15.8247 13.7713
-42.4689 52.583
-24.8373 43.6734
-12.0016 38.4662
0.11113 40.2806
12.6201 38.7647
25.9271 43.0868
42.0823 52.0803
26.9557 60.1621
14.3127 63.3184
0.572579 65.2132
-13.293 64.2931
-26.9805 61.0292
-15.5676 54.6372
-0.139613 56.4059
16.28 55.2937
17.3754 48.6504
0.328438 47.4156
-13.7223 48.0562
0.0380414 52.4864
0 0
