-105.622 -40.9445
-102.983 -6.19455
-98.9425 22.8616
-90.0539 51.4049
-77.7913 74.4612
-59.7006 95.361
-35.2295 109.373
-2.05332 115.565
31.2568 109.993
57.2176 93.4198
74.3233 72.0499
84.9125 50.3515
90.7331 20.9425
94.9793 -8.8752
92.7896 -42.7868
78.8836 -66.3311
61.5137 -84.9108
33.5628 -84.6847
18.5799 -70.1136
38.0286 -72.1638
58.5872 -72.0779
-91.9605 -63.7122
-71.9209 -83.7474
-42.1958 -83.2326
-28.0481 -69.0815
-50.7249 -71.6118
-70.7456 -70.6296
-71.8513 -39.2991
-53.0396 -48.4473
-32.7877 -40.4126
-53.0584 -34.5173
-53.0553 -41.5913
66.7478 -42.5175
48.1062 -50.6653
28.336 -41.4014
48.1752 -36.7032
47.715 -43.314
-17.0568 -43.2194
-20.5459 -18.5052
-34.0096 7.46754
-28.9395 19.7724
-0.544426 22.2803
24.8422 19.6705
29.921 7.69242
16.1895 -18.6725
10.8974 -43.4944
-16.6198 13.2988
14.3327 13.8632
-46.3282 54.6422
-26.6685 46.3406
-11.63 41.6437
0.807777 43.7617
13.1547 41.7336
27.7005 45.3118
41.799 53.6147
27.7272 60.8564
15.2652 64.085
0.460972 64.8186
-16.1592 64.6884
-31.0611 61.1242
-18.0937 55.215
0.808051 56.9905
18.2192 55.5977
18.9311 51.739
1.15427 50.8627
-16.0392 50.9307
0.578621 54.4396
0 0
