-101.243 -39.2283
-100.847 -4.10064
-95.5014 25.2358
-86.4283 53.9792
-72.9608 76.4152
-54.7481 96.2652
-28.1714 111.545
5.14912 115.009
34.9457 109.591
60.8651 95.0184
77.506 74.2637
89.4386 49.8914
95.4832 19.449
98.8479 -9.21257
96.5011 -44.0391
84.4698 -65.9357
63.3301 -85.7982
32.8385 -84.6075
17.9256 -68.6466
41.179 -72.7061
62.0376 -72.9743
-89.8389 -61.3512
-71.0759 -83.3085
-40.5814 -83.1911
-21.905 -68.35
-46.3049 -70.5171
-68.5332 -69.5216
-71.4832 -38.0993
-50.7885 -47.1901
-30.6224 -40.3248
-50.8139 -33.5347
-50.245 -40.2654
69.7874 -42.2606
49.6452 -50.134
29.084 -41.3974
50.2707 -36.7053
50.147 -43.0177
-14.5202 -41.8428
-16.7575 -19.2824
-30.1967 8.24382
-24.6176 22.1238
2.54678 24.2236
29.9551 21.8352
33.6269 7.73696
18.2053 -18.9711
13.3262 -42.2237
-12.7117 15.9459
17.6885 15.9085
-41.0366 56.6795
-21.6227 48.9006
-7.41309 44.5669
4.28396 46.3928
16.6724 44.4722
31.3868 47.2949
45.7384 53.5562
31.4525 61.3164
18.4128 63.3521
2.59892 64.8603
-13.2959 64.0304
-26.6235 61.5404
-14.9728 56.4306
2.90303 57.569
20.2999 56.3562
21.2689 52.1674
2.80829 52.0149
-13.3793 52.5654
2.44676 54.6133
0 0
