-93.4501 -41.9792
-93.7783 -8.33978
-88.9441 20.1488
-80.2954 50.1318
-69.0218 74.8525
-52.745 97.3468
-25.9792 109.429
5.70327 112.749
37.0916 108.065
63.2493 92.7975
82.8905 74.3272
98.0418 46.4388
103.293 14.4417
106.791 -17.3334
103.604 -51.2813
82.4341 -64.2829
62.0415 -86.9327
35.4699 -88.3086
19.7728 -74.0227
38.55 -74.6455
58.7976 -73.4306
-83.1761 -61.3445
-66.191 -83.9912
-37.8792 -85.205
-25.6961 -72.1735
-45.1475 -73.593
-64.0139 -70.4774
-64.7019 -39.6289
-47.2847 -49.8291
-27.6776 -41.1507
-46.586 -34.7584
-46.4583 -42.8488
66.5208 -44.8006
48.7579 -52.5409
28.6533 -42.9896
49.184 -38.3012
48.1234 -45.1152
-14.3932 -47.3781
-17.4119 -22.5954
-30.5841 6.20114
-26.1165 18.2058
1.53309 20.3107
29.7162 17.1483
33.834 4.6752
18.7885 -23.0366
13.6692 -48.0524
-14.8787 11.9771
17.833 11.1695
-42.2141 51.7245
-24.0233 43.0762
-9.28652 38.808
1.10869 40.5068
12.0566 38.4518
26.976 41.3463
45.1335 49.6863
28.3715 58.6236
15.43 61.0668
0.474964 62.9012
-13.1893 62.107
-25.9143 59.2315
-14.3648 52.8925
0.207483 53.9819
17.2704 53.2431
17.686 47.7626
0.133205 46.7452
-14.2811 47.6199
0.39991 50.8384
0 0
