-101.969 -36.8938
-100.013 -2.15286
-94.9901 26.1026
-86.6734 54.036
-74.6004 77.6069
-56.9404 99.5493
-29.377 113.358
4.53993 117.839
35.7563 111.3
60.1058 94.8261
77.3685 74.829
89.0732 51.2873
94.4976 21.144
98.1415 -8.47472
97.1131 -41.8888
82.3151 -62.1666
62.9054 -83.0666
34.2924 -82.8385
19.1175 -67.6816
38.3366 -70.0176
59.4606 -69.8375
-89.4415 -60.7166
-70.0261 -81.7031
-40.4408 -81.5075
-25.3287 -67.2713
-47.3333 -69.434
-67.8585 -68.3389
-69.5481 -36.5986
-49.9644 -45.9183
-29.4903 -38.3593
-49.8365 -31.7743
-49.3777 -38.8117
69.0883 -39.979
50.156 -47.7569
29.6508 -39.3522
50.0416 -34.2839
49.7545 -40.3535
-14.7034 -40.9361
-17.5672 -17.9544
-31.8805 8.36059
-26.5334 21.4322
1.34095 23.3552
27.6257 21.1149
32.543 7.70189
17.4798 -17.9696
13.1341 -41.4336
-14.9932 14.5755
16.5464 14.6449
-43.7624 55.5364
-24.9281 45.8136
-10.2053 40.9659
2.17242 42.7003
15.0646 41.0823
29.5897 45.0944
44.6627 54.8623
29.9085 63.396
17.1794 66.3971
2.29135 67.5684
-12.9022 66.947
-27.2146 63.7348
-15.2588 57.2731
1.64014 58.8649
18.5176 57.8277
19.3708 50.9182
1.88093 49.5635
-13.4081 49.8906
1.70727 54.9266
0 0
