-104.758 -44.5817
-104.229 -10.2278
-99.4175 18.705
-88.6797 48.766
-75.4767 69.3218
-58.579 90.1334
-30.8247 106.265
6.36503 111.871
36.3985 105.391
62.3981 86.2944
75.3748 67.6767
87.7464 43.2934
93.3173 11.3787
95.9347 -18.0174
91.7241 -50.0018
78.4119 -71.525
58.7618 -88.507
33.0306 -87.5643
20.4058 -73.5257
39.7457 -76.6021
57.4668 -76.4465
-89.9111 -66.1376
-70.7649 -86.2506
-42.7528 -86.2483
-28.6522 -72.9906
-50.2529 -75.0629
-69.3261 -73.2352
-70.4201 -42.6708
-52.6763 -51.5944
-32.7104 -44.4831
-52.5416 -38.1401
-52.3252 -45.0233
66.7814 -46.4954
47.91 -54.5178
27.4025 -45.4309
48.1277 -40.6048
47.8024 -47.2234
-16.2572 -47.2816
-18.6304 -23.1507
-30.5168 3.37072
-26.1008 17.1278
2.06009 20.349
29.0026 15.757
30.1349 2.26014
16.4279 -23.1851
11.8886 -47.9082
-13.8015 12.2395
16.5917 11.897
-43.0673 49.7493
-21.9914 44.8332
-7.01673 42.2071
4.38858 43.8807
15.4307 42.235
29.5592 43.628
44.2726 47.0867
30.8966 55.6621
18.3339 58.2055
2.6348 59.4397
-13.4113 59.1496
-26.9366 55.7495
-14.7483 52.2984
3.49321 53.6216
21.0078 52.4582
21.2842 49.2926
3.39798 49.9136
-13.3912 49.6243
3.1329 51.5421
0 0
