-102.08 -40.4392
-101.401 -6.28993
-96.5598 22.0052
-87.1953 51.3868
-74.889 73.2242
-57.4425 94.7927
-30.0441 109.863
4.94117 114.671
36.5095 108.422
63.1551 90.4183
78.232 70.5211
90.3822 46.7689
96.0595 14.827
99.1078 -15.0652
95.7071 -47.6251
80.7459 -68.0214
60.4597 -86.3143
33.7018 -85.617
19.1938 -71.4185
38.991 -73.7441
58.6888 -73.5061
-89.7229 -63.6604
-70.547 -84.3614
-41.2639 -84.3366
-27.4663 -71.134
-49.7817 -72.9359
-69.2926 -71.0846
-69.6069 -40.3942
-51.2113 -48.7617
-31.6347 -42.7734
-51.2021 -36.2062
-50.5011 -42.3792
68.4388 -43.8059
50.4468 -51.0797
29.3063 -43.7757
50.1594 -38.583
50.0268 -44.3068
-15.9459 -44.8419
-18.6403 -21.4538
-31.2169 4.57166
-26.4563 19.1047
1.66236 21.2608
29.0446 18.0718
31.4057 3.75636
17.0195 -21.6016
12.0925 -45.4831
-14.8074 13.3578
17.1039 12.9518
-43.9283 51.8706
-22.5555 45.8807
-8.53598 42.7589
3.01482 44.4868
14.8177 42.8284
29.2572 44.879
44.675 50.0376
30.4044 58.375
17.4218 61.3033
1.98797 62.2068
-13.3171 62.0072
-27.1361 58.9778
-14.1422 53.8991
2.50272 55.2216
19.6025 54.1605
20.1653 50.5975
2.50532 50.6393
-13.041 50.4864
2.21191 52.9572
0 0
