-104.093 -42.8816
-100.793 -10.3678
-95.5077 18.7098
-85.365 50.0909
-72.9451 72.5675
-56.0926 94.5158
-29.6119 108.364
1.10493 112.624
28.6497 107.087
54.0529 89.501
70.4015 70.6505
83.6599 46.1179
90.4303 13.7783
95.5168 -16.2781
96.2782 -47.9924
80.6562 -67.8945
60.4643 -88.3325
33.5678 -88.0846
18.7657 -72.6476
37.5754 -75.0311
57.6676 -75.0847
-87.2165 -66.6766
-67.2058 -87.7237
-37.3018 -86.9931
-23.5021 -72.607
-46.3146 -75.4005
-65.9565 -74.35
-68.5962 -42.7266
-50.631 -51.7937
-29.2897 -43.6859
-50.1624 -37.0414
-50.1904 -44.4965
66.0884 -45.7094
47.485 -53.0953
27.2813 -44.5911
48.0137 -38.8656
47.6048 -45.5989
-14.9779 -46.128
-17.7368 -22.1316
-30.4568 5.35951
-26.1447 17.8913
0.616645 20.5001
25.5751 17.4172
29.3474 4.4883
16.1474 -22.1584
12.3452 -46.5088
-15.0285 12.4326
15.2979 12.0635
-42.5195 50.5683
-23.2846 44.0624
-9.31093 40.502
0.883418 42.5637
11.1445 40.6447
24.419 43.0545
41.0464 48.9289
26.1519 57.0691
13.4214 59.6407
-0.0852597 61.1223
-14.0576 60.302
-27.0951 57.332
-15.1992 52.3738
-0.747017 54.1376
14.9647 53.2899
15.4623 48.942
-0.213471 48.5931
-14.0661 48.6022
-0.177305 51.5122
0 0
