-101.27 -37.5143
-99.7129 -4.74892
-94.3273 23.1598
-85.5751 52.0393
-73.1636 76.779
-54.7198 98.9775
-27.4255 112.742
6.42996 117.712
37.537 109.347
58.7975 93.1354
77.6566 72.2259
88.3552 47.9321
93.5412 18.3552
97.5984 -9.90055
98.9972 -40.8683
85.2778 -62.2456
64.585 -83.2159
35.9042 -82.7671
20.5335 -67.666
40.4235 -70.0523
61.6109 -69.8039
-88.2956 -62.3071
-69.3642 -82.0234
-40.6455 -81.8397
-22.8946 -67.3334
-45.5333 -69.3901
-67.0144 -69.0151
-70.4132 -37.689
-49.4082 -46.7123
-27.4964 -38.9786
-48.681 -32.6605
-48.6412 -39.5479
70.5735 -40.8804
50.786 -48.0804
29.7628 -39.6243
51.2401 -34.8936
50.7432 -40.8366
-12.7091 -41.0808
-15.7466 -18.4323
-30.253 7.98404
-24.6201 21.0602
2.18308 23.1071
27.4998 21.252
32.6883 7.42383
17.9573 -18.0903
14.0644 -41.4384
-14.2648 14.5415
17.2864 14.342
-40.6034 54.2941
-24.1789 43.9186
-10.1843 38.3969
2.27502 40.0779
15.364 38.5403
29.5426 43.1235
45.7637 53.5281
30.5341 62.0161
18.0227 64.9448
2.88136 66.862
-11.5272 65.6486
-24.9932 62.5491
-14.5553 56.393
1.49571 58.1853
18.6026 57.0669
19.22 48.6342
1.97109 46.9984
-12.3241 47.5676
1.94753 53.3393
0 0
