-103.387 -42.892
-102.819 -9.99457
-98.4808 19.259
-89.5896 50.8668
-76.728 73.8409
-59.3136 94.7568
-32.7934 108.073
-0.417874 111.464
29.7839 107.308
60.1228 91.3876
75.4385 72.26
88.3529 47.1348
93.9808 12.6019
96.633 -18.8453
92.0517 -50.693
77.3087 -68.011
57.9613 -88.3924
32.0471 -88.9915
17.2674 -74.75
37.707 -76.889
56.7068 -75.6918
-89.4687 -65.3456
-71.9085 -87.7722
-43.1484 -88.6006
-27.6994 -74.9823
-50.3761 -76.8538
-68.9774 -74.2728
-71.0999 -42.849
-52.1888 -52.8083
-32.5067 -44.8661
-52.3814 -37.0907
-51.7216 -45.2152
66.3575 -45.7892
46.0018 -54.5548
25.3037 -45.2127
46.3983 -39.3501
45.6726 -46.594
-16.8005 -46.4886
-19.4734 -22.5372
-32.8723 5.54403
-26.5594 19.7924
1.14431 21.7035
28.4532 18.6996
31.6082 4.69018
15.7596 -22.9787
9.97748 -47.0679
-15.9132 13.2126
17.1484 13.4141
-45.4954 53.0727
-23.8746 46.6313
-10.3733 42.6682
1.6335 44.3155
13.2219 42.692
26.6731 44.2379
42.7303 49.4518
26.898 60.9688
12.6075 63.4014
-1.84125 64.2144
-16.7125 63.9425
-30.0159 60.773
-15.6135 54.5555
-0.286629 55.7144
15.9998 54.3818
16.8331 50.2654
-0.192202 50.2633
-14.4962 50.5932
-0.378654 52.985
0 0
